2500 9900
1 3 2 84 51 87 50 65 
2 3 1 78 3 16 52 94 
3 3 2 16 4 36 53 87 
4 3 3 36 5 93 54 50 
5 3 4 93 6 22 55 63 
6 3 5 22 7 28 56 91 
7 3 6 28 8 60 57 64 
8 3 7 60 9 27 58 41 
9 3 8 27 10 27 59 73 
10 3 9 27 11 37 60 12 
11 3 10 37 12 69 61 68 
12 3 11 69 13 30 62 83 
13 3 12 30 14 31 63 63 
14 3 13 31 15 24 64 68 
15 3 14 24 16 36 65 30 
16 3 15 36 17 3 66 23 
17 3 16 3 18 59 67 70 
18 3 17 59 19 68 68 94 
19 3 18 68 20 57 69 12 
20 3 19 57 21 43 70 30 
21 3 20 43 22 74 71 22 
22 3 21 74 23 20 72 85 
23 3 22 20 24 38 73 99 
24 3 23 38 25 25 74 16 
25 3 24 25 26 71 75 14 
26 3 25 71 27 27 76 92 
27 3 26 27 28 81 77 57 
28 3 27 81 29 74 78 63 
29 3 28 74 30 71 79 97 
30 3 29 71 31 82 80 6 
31 3 30 82 32 26 81 85 
32 3 31 26 33 28 82 37 
33 3 32 28 34 6 83 47 
34 3 33 6 35 30 84 14 
35 3 34 30 36 58 85 25 
36 3 35 58 37 96 86 83 
37 3 36 96 38 46 87 15 
38 3 37 46 39 68 88 35 
39 3 38 68 40 65 89 44 
40 3 39 65 41 51 90 88 
41 3 40 51 42 9 91 77 
42 3 41 9 43 79 92 89 
43 3 42 79 44 85 93 4 
44 3 43 85 45 52 94 55 
45 3 44 52 46 100 95 33 
46 3 45 100 47 61 96 77 
47 3 46 61 48 69 97 40 
48 3 47 69 49 13 98 27 
49 3 48 13 50 87 99 95 
50 3 49 87 100 40 1 65 
51 4 1 87 52 96 101 71 100 23 
52 4 2 94 102 35 51 96 53 79 
53 4 3 87 103 68 52 79 54 2 
54 4 4 50 104 98 53 2 55 3 
55 4 5 63 105 18 54 3 56 93 
56 4 6 91 106 53 55 93 57 57 
57 4 7 64 107 2 56 57 58 81 
58 4 8 41 108 87 57 81 59 42 
59 4 9 73 109 66 58 42 60 90 
60 4 10 12 110 45 59 90 61 20 
61 4 11 68 111 41 60 20 62 30 
62 4 12 83 112 32 61 30 63 18 
63 4 13 63 113 98 62 18 64 72 
64 4 14 68 114 82 63 72 65 76 
65 4 15 30 115 10 64 76 66 28 
66 4 16 23 116 68 65 28 67 57 
67 4 17 70 117 98 66 57 68 54 
68 4 18 94 118 87 67 54 69 66 
69 4 19 12 119 7 68 66 70 84 
70 4 20 30 120 20 69 84 71 25 
71 4 21 22 121 29 70 25 72 72 
72 4 22 85 122 33 71 72 73 30 
73 4 23 99 123 4 72 30 74 20 
74 4 24 16 124 71 73 20 75 69 
75 4 25 14 125 9 74 69 76 16 
76 4 26 92 126 41 75 16 77 50 
77 4 27 57 127 97 76 50 78 24 
78 4 28 63 128 19 77 24 79 46 
79 4 29 97 129 47 78 46 80 52 
80 4 30 6 130 22 79 52 81 56 
81 4 31 85 131 80 80 56 82 89 
82 4 32 37 132 65 81 89 83 29 
83 4 33 47 133 42 82 29 84 51 
84 4 34 14 134 94 83 51 85 1 
85 4 35 25 135 35 84 1 86 65 
86 4 36 83 136 25 85 65 87 15 
87 4 37 15 137 88 86 15 88 57 
88 4 38 35 138 44 87 57 89 92 
89 4 39 44 139 28 88 92 90 66 
90 4 40 88 140 60 89 66 91 37 
91 4 41 77 141 33 90 37 92 52 
92 4 42 89 142 38 91 52 93 29 
93 4 43 4 143 76 92 29 94 8 
94 4 44 55 144 75 93 8 95 22 
95 4 45 33 145 59 94 22 96 96 
96 4 46 77 146 30 95 96 97 38 
97 4 47 40 147 36 96 38 98 94 
98 4 48 27 148 19 97 94 99 29 
99 4 49 95 149 44 98 29 100 12 
100 4 50 40 99 12 150 29 51 23 
101 4 51 71 102 30 151 77 150 50 
102 4 52 35 152 5 101 30 103 44 
103 4 53 68 153 64 102 44 104 14 
104 4 54 98 154 39 103 14 105 7 
105 4 55 18 155 41 104 7 106 5 
106 4 56 53 156 19 105 5 107 29 
107 4 57 2 157 89 106 29 108 70 
108 4 58 87 158 18 107 70 109 18 
109 4 59 66 159 97 108 18 110 25 
110 4 60 45 160 44 109 25 111 71 
111 4 61 41 161 84 110 71 112 91 
112 4 62 32 162 100 111 91 113 73 
113 4 63 98 163 26 112 73 114 45 
114 4 64 82 164 91 113 45 115 6 
115 4 65 10 165 40 114 6 116 55 
116 4 66 68 166 87 115 55 117 70 
117 4 67 98 167 83 116 70 118 43 
118 4 68 87 168 65 117 43 119 98 
119 4 69 7 169 8 118 98 120 56 
120 4 70 20 170 5 119 56 121 49 
121 4 71 29 171 12 120 49 122 23 
122 4 72 33 172 29 121 23 123 100 
123 4 73 4 173 44 122 100 124 47 
124 4 74 71 174 69 123 47 125 41 
125 4 75 9 175 23 124 41 126 12 
126 4 76 41 176 11 125 12 127 6 
127 4 77 97 177 2 126 6 128 62 
128 4 78 19 178 31 127 62 129 79 
129 4 79 47 179 6 128 79 130 21 
130 4 80 22 180 37 129 21 131 45 
131 4 81 80 181 27 130 45 132 23 
132 4 82 65 182 66 131 23 133 9 
133 4 83 42 183 17 132 9 134 83 
134 4 84 94 184 59 133 83 135 25 
135 4 85 35 185 38 134 25 136 63 
136 4 86 25 186 25 135 63 137 1 
137 4 87 88 187 37 136 1 138 53 
138 4 88 44 188 100 137 53 139 80 
139 4 89 28 189 51 138 80 140 69 
140 4 90 60 190 72 139 69 141 74 
141 4 91 33 191 32 140 74 142 82 
142 4 92 38 192 31 141 82 143 34 
143 4 93 76 193 95 142 34 144 61 
144 4 94 75 194 64 143 61 145 100 
145 4 95 59 195 82 144 100 146 100 
146 4 96 30 196 97 145 100 147 60 
147 4 97 36 197 74 146 60 148 14 
148 4 98 19 198 69 147 14 149 91 
149 4 99 44 199 96 148 91 150 27 
150 4 100 29 149 27 200 67 101 50 
151 4 101 77 152 85 201 41 200 71 
152 4 102 5 202 91 151 85 153 85 
153 4 103 64 203 77 152 85 154 43 
154 4 104 39 204 37 153 43 155 8 
155 4 105 41 205 46 154 8 156 57 
156 4 106 19 206 80 155 57 157 19 
157 4 107 89 207 88 156 19 158 13 
158 4 108 18 208 49 157 13 159 73 
159 4 109 97 209 60 158 73 160 10 
160 4 110 44 210 37 159 10 161 11 
161 4 111 84 211 43 160 11 162 88 
162 4 112 100 212 7 161 88 163 2 
163 4 113 26 213 14 162 2 164 73 
164 4 114 91 214 22 163 73 165 56 
165 4 115 40 215 20 164 56 166 100 
166 4 116 87 216 22 165 100 167 5 
167 4 117 83 217 40 166 5 168 12 
168 4 118 65 218 41 167 12 169 68 
169 4 119 8 219 6 168 68 170 29 
170 4 120 5 220 28 169 29 171 51 
171 4 121 12 221 85 170 51 172 59 
172 4 122 29 222 21 171 59 173 25 
173 4 123 44 223 23 172 25 174 70 
174 4 124 69 224 97 173 70 175 82 
175 4 125 23 225 31 174 82 176 85 
176 4 126 11 226 93 175 85 177 73 
177 4 127 2 227 73 176 73 178 51 
178 4 128 31 228 26 177 51 179 86 
179 4 129 6 229 23 178 86 180 100 
180 4 130 37 230 41 179 100 181 43 
181 4 131 27 231 99 180 43 182 14 
182 4 132 66 232 99 181 14 183 91 
183 4 133 17 233 25 182 91 184 91 
184 4 134 59 234 10 183 91 185 82 
185 4 135 38 235 20 184 82 186 37 
186 4 136 25 236 33 185 37 187 56 
187 4 137 37 237 95 186 56 188 5 
188 4 138 100 238 80 187 5 189 70 
189 4 139 51 239 74 188 70 190 77 
190 4 140 72 240 51 189 77 191 56 
191 4 141 32 241 61 190 56 192 43 
192 4 142 31 242 80 191 43 193 85 
193 4 143 95 243 94 192 85 194 6 
194 4 144 64 244 22 193 6 195 68 
195 4 145 82 245 5 194 68 196 14 
196 4 146 97 246 62 195 14 197 55 
197 4 147 74 247 27 196 55 198 60 
198 4 148 69 248 45 197 60 199 3 
199 4 149 96 249 3 198 3 200 7 
200 4 150 67 199 7 250 85 151 71 
201 4 151 41 202 22 251 43 250 50 
202 4 152 91 252 69 201 22 203 29 
203 4 153 77 253 90 202 29 204 73 
204 4 154 37 254 9 203 73 205 59 
205 4 155 46 255 99 204 59 206 37 
206 4 156 80 256 9 205 37 207 54 
207 4 157 88 257 49 206 54 208 4 
208 4 158 49 258 34 207 4 209 34 
209 4 159 60 259 49 208 34 210 91 
210 4 160 37 260 55 209 91 211 68 
211 4 161 43 261 47 210 68 212 69 
212 4 162 7 262 30 211 69 213 1 
213 4 163 14 263 47 212 1 214 89 
214 4 164 22 264 98 213 89 215 50 
215 4 165 20 265 91 214 50 216 4 
216 4 166 22 266 34 215 4 217 64 
217 4 167 40 267 98 216 64 218 54 
218 4 168 41 268 93 217 54 219 87 
219 4 169 6 269 26 218 87 220 53 
220 4 170 28 270 97 219 53 221 76 
221 4 171 85 271 89 220 76 222 58 
222 4 172 21 272 30 221 58 223 37 
223 4 173 23 273 61 222 37 224 15 
224 4 174 97 274 22 223 15 225 61 
225 4 175 31 275 5 224 61 226 29 
226 4 176 93 276 28 225 29 227 51 
227 4 177 73 277 49 226 51 228 57 
228 4 178 26 278 3 227 57 229 95 
229 4 179 23 279 98 228 95 230 100 
230 4 180 41 280 44 229 100 231 40 
231 4 181 99 281 3 230 40 232 29 
232 4 182 99 282 4 231 29 233 1 
233 4 183 25 283 82 232 1 234 48 
234 4 184 10 284 39 233 48 235 60 
235 4 185 20 285 52 234 60 236 36 
236 4 186 33 286 35 235 36 237 40 
237 4 187 95 287 93 236 40 238 16 
238 4 188 80 288 28 237 16 239 5 
239 4 189 74 289 30 238 5 240 50 
240 4 190 51 290 65 239 50 241 86 
241 4 191 61 291 30 240 86 242 44 
242 4 192 80 292 36 241 44 243 78 
243 4 193 94 293 1 242 78 244 39 
244 4 194 22 294 72 243 39 245 50 
245 4 195 5 295 90 244 50 246 68 
246 4 196 62 296 89 245 68 247 93 
247 4 197 27 297 96 246 93 248 44 
248 4 198 45 298 45 247 44 249 30 
249 4 199 3 299 91 248 30 250 83 
250 4 200 85 249 83 300 41 201 50 
251 4 201 43 252 42 301 70 300 82 
252 4 202 69 302 27 251 42 253 33 
253 4 203 90 303 62 252 33 254 43 
254 4 204 9 304 61 253 43 255 18 
255 4 205 99 305 24 254 18 256 62 
256 4 206 9 306 82 255 62 257 10 
257 4 207 49 307 91 256 10 258 26 
258 4 208 34 308 97 257 26 259 68 
259 4 209 49 309 78 258 68 260 35 
260 4 210 55 310 91 259 35 261 27 
261 4 211 47 311 25 260 27 262 58 
262 4 212 30 312 15 261 58 263 69 
263 4 213 47 313 6 262 69 264 59 
264 4 214 98 314 13 263 59 265 87 
265 4 215 91 315 1 264 87 266 47 
266 4 216 34 316 27 265 47 267 95 
267 4 217 98 317 17 266 95 268 53 
268 4 218 93 318 79 267 53 269 30 
269 4 219 26 319 47 268 30 270 91 
270 4 220 97 320 48 269 91 271 71 
271 4 221 89 321 52 270 71 272 81 
272 4 222 30 322 32 271 81 273 94 
273 4 223 61 323 58 272 94 274 28 
274 4 224 22 324 13 273 28 275 87 
275 4 225 5 325 15 274 87 276 56 
276 4 226 28 326 13 275 56 277 91 
277 4 227 49 327 13 276 91 278 80 
278 4 228 3 328 11 277 80 279 70 
279 4 229 98 329 90 278 70 280 75 
280 4 230 44 330 56 279 75 281 42 
281 4 231 3 331 21 280 42 282 34 
282 4 232 4 332 88 281 34 283 89 
283 4 233 82 333 39 282 89 284 67 
284 4 234 39 334 71 283 67 285 85 
285 4 235 52 335 57 284 85 286 18 
286 4 236 35 336 7 285 18 287 61 
287 4 237 93 337 50 286 61 288 38 
288 4 238 28 338 6 287 38 289 60 
289 4 239 30 339 18 288 60 290 19 
290 4 240 65 340 46 289 19 291 84 
291 4 241 30 341 74 290 84 292 59 
292 4 242 36 342 74 291 59 293 38 
293 4 243 1 343 90 292 38 294 84 
294 4 244 72 344 8 293 84 295 79 
295 4 245 90 345 58 294 79 296 15 
296 4 246 89 346 72 295 15 297 30 
297 4 247 96 347 1 296 30 298 60 
298 4 248 45 348 19 297 60 299 39 
299 4 249 91 349 26 298 39 300 89 
300 4 250 41 299 89 350 75 251 82 
301 4 251 70 302 34 351 58 350 8 
302 4 252 27 352 82 301 34 303 94 
303 4 253 62 353 59 302 94 304 71 
304 4 254 61 354 100 303 71 305 18 
305 4 255 24 355 40 304 18 306 70 
306 4 256 82 356 64 305 70 307 23 
307 4 257 91 357 95 306 23 308 74 
308 4 258 97 358 48 307 74 309 32 
309 4 259 78 359 63 308 32 310 83 
310 4 260 91 360 91 309 83 311 93 
311 4 261 25 361 92 310 93 312 58 
312 4 262 15 362 16 311 58 313 22 
313 4 263 6 363 58 312 22 314 75 
314 4 264 13 364 92 313 75 315 48 
315 4 265 1 365 52 314 48 316 32 
316 4 266 27 366 22 315 32 317 38 
317 4 267 17 367 41 316 38 318 55 
318 4 268 79 368 31 317 55 319 99 
319 4 269 47 369 26 318 99 320 82 
320 4 270 48 370 17 319 82 321 17 
321 4 271 52 371 3 320 17 322 32 
322 4 272 32 372 40 321 32 323 97 
323 4 273 58 373 5 322 97 324 39 
324 4 274 13 374 81 323 39 325 19 
325 4 275 15 375 22 324 19 326 71 
326 4 276 13 376 63 325 71 327 13 
327 4 277 13 377 80 326 13 328 78 
328 4 278 11 378 86 327 78 329 37 
329 4 279 90 379 5 328 37 330 77 
330 4 280 56 380 84 329 77 331 8 
331 4 281 21 381 60 330 8 332 58 
332 4 282 88 382 45 331 58 333 100 
333 4 283 39 383 12 332 100 334 28 
334 4 284 71 384 51 333 28 335 37 
335 4 285 57 385 61 334 37 336 19 
336 4 286 7 386 6 335 19 337 64 
337 4 287 50 387 50 336 64 338 45 
338 4 288 6 388 12 337 45 339 6 
339 4 289 18 389 35 338 6 340 92 
340 4 290 46 390 76 339 92 341 56 
341 4 291 74 391 15 340 56 342 90 
342 4 292 74 392 69 341 90 343 94 
343 4 293 90 393 19 342 94 344 6 
344 4 294 8 394 83 343 6 345 23 
345 4 295 58 395 83 344 23 346 18 
346 4 296 72 396 31 345 18 347 94 
347 4 297 1 397 75 346 94 348 27 
348 4 298 19 398 94 347 27 349 87 
349 4 299 26 399 54 348 87 350 44 
350 4 300 75 349 44 400 75 301 8 
351 4 301 58 352 15 401 14 400 95 
352 4 302 82 402 80 351 15 353 78 
353 4 303 59 403 63 352 78 354 76 
354 4 304 100 404 89 353 76 355 20 
355 4 305 40 405 11 354 20 356 33 
356 4 306 64 406 95 355 33 357 18 
357 4 307 95 407 47 356 18 358 36 
358 4 308 48 408 38 357 36 359 92 
359 4 309 63 409 54 358 92 360 44 
360 4 310 91 410 74 359 44 361 29 
361 4 311 92 411 26 360 29 362 92 
362 4 312 16 412 11 361 92 363 19 
363 4 313 58 413 18 362 19 364 37 
364 4 314 92 414 64 363 37 365 56 
365 4 315 52 415 91 364 56 366 59 
366 4 316 22 416 31 365 59 367 5 
367 4 317 41 417 72 366 5 368 62 
368 4 318 31 418 34 367 62 369 86 
369 4 319 26 419 90 368 86 370 74 
370 4 320 17 420 5 369 74 371 52 
371 4 321 3 421 6 370 52 372 51 
372 4 322 40 422 69 371 51 373 4 
373 4 323 5 423 86 372 4 374 7 
374 4 324 81 424 96 373 7 375 40 
375 4 325 22 425 50 374 40 376 21 
376 4 326 63 426 68 375 21 377 27 
377 4 327 80 427 64 376 27 378 78 
378 4 328 86 428 97 377 78 379 82 
379 4 329 5 429 66 378 82 380 61 
380 4 330 84 430 37 379 61 381 56 
381 4 331 60 431 71 380 56 382 19 
382 4 332 45 432 12 381 19 383 43 
383 4 333 12 433 33 382 43 384 97 
384 4 334 51 434 80 383 97 385 22 
385 4 335 61 435 71 384 22 386 85 
386 4 336 6 436 73 385 85 387 28 
387 4 337 50 437 35 386 28 388 41 
388 4 338 12 438 84 387 41 389 73 
389 4 339 35 439 99 388 73 390 31 
390 4 340 76 440 64 389 31 391 48 
391 4 341 15 441 51 390 48 392 31 
392 4 342 69 442 74 391 31 393 15 
393 4 343 19 443 60 392 15 394 23 
394 4 344 83 444 48 393 23 395 25 
395 4 345 83 445 83 394 25 396 36 
396 4 346 31 446 33 395 36 397 5 
397 4 347 75 447 55 396 5 398 44 
398 4 348 94 448 99 397 44 399 87 
399 4 349 54 449 41 398 87 400 79 
400 4 350 75 399 79 450 60 351 95 
401 4 351 14 402 63 451 63 450 23 
402 4 352 80 452 84 401 63 403 42 
403 4 353 63 453 49 402 42 404 24 
404 4 354 89 454 25 403 24 405 73 
405 4 355 11 455 23 404 73 406 55 
406 4 356 95 456 36 405 55 407 22 
407 4 357 47 457 58 406 22 408 66 
408 4 358 38 458 48 407 66 409 72 
409 4 359 54 459 77 408 72 410 70 
410 4 360 74 460 19 409 70 411 2 
411 4 361 26 461 4 410 2 412 54 
412 4 362 11 462 34 411 54 413 8 
413 4 363 18 463 60 412 8 414 29 
414 4 364 64 464 7 413 29 415 98 
415 4 365 91 465 21 414 98 416 85 
416 4 366 31 466 9 415 85 417 35 
417 4 367 72 467 99 416 35 418 92 
418 4 368 34 468 77 417 92 419 99 
419 4 369 90 469 16 418 99 420 53 
420 4 370 5 470 72 419 53 421 90 
421 4 371 6 471 60 420 90 422 7 
422 4 372 69 472 11 421 7 423 17 
423 4 373 86 473 25 422 17 424 10 
424 4 374 96 474 40 423 10 425 1 
425 4 375 50 475 79 424 1 426 10 
426 4 376 68 476 54 425 10 427 82 
427 4 377 64 477 15 426 82 428 39 
428 4 378 97 478 90 427 39 429 27 
429 4 379 66 479 68 428 27 430 48 
430 4 380 37 480 24 429 48 431 88 
431 4 381 71 481 32 430 88 432 33 
432 4 382 12 482 23 431 33 433 82 
433 4 383 33 483 76 432 82 434 51 
434 4 384 80 484 80 433 51 435 91 
435 4 385 71 485 55 434 91 436 51 
436 4 386 73 486 32 435 51 437 14 
437 4 387 35 487 58 436 14 438 95 
438 4 388 84 488 82 437 95 439 82 
439 4 389 99 489 4 438 82 440 21 
440 4 390 64 490 34 439 21 441 83 
441 4 391 51 491 82 440 83 442 88 
442 4 392 74 492 16 441 88 443 97 
443 4 393 60 493 26 442 97 444 5 
444 4 394 48 494 23 443 5 445 93 
445 4 395 83 495 52 444 93 446 98 
446 4 396 33 496 33 445 98 447 35 
447 4 397 55 497 82 446 35 448 7 
448 4 398 99 498 16 447 7 449 58 
449 4 399 41 499 9 448 58 450 96 
450 4 400 60 449 96 500 100 401 23 
451 4 401 63 452 63 501 98 500 18 
452 4 402 84 502 84 451 63 453 77 
453 4 403 49 503 55 452 77 454 78 
454 4 404 25 504 10 453 78 455 88 
455 4 405 23 505 33 454 88 456 83 
456 4 406 36 506 22 455 83 457 67 
457 4 407 58 507 64 456 67 458 61 
458 4 408 48 508 83 457 61 459 12 
459 4 409 77 509 86 458 12 460 87 
460 4 410 19 510 86 459 87 461 31 
461 4 411 4 511 91 460 31 462 84 
462 4 412 34 512 15 461 84 463 77 
463 4 413 60 513 17 462 77 464 21 
464 4 414 7 514 93 463 21 465 26 
465 4 415 21 515 29 464 26 466 40 
466 4 416 9 516 26 465 40 467 91 
467 4 417 99 517 37 466 91 468 61 
468 4 418 77 518 19 467 61 469 44 
469 4 419 16 519 38 468 44 470 29 
470 4 420 72 520 83 469 29 471 22 
471 4 421 60 521 11 470 22 472 56 
472 4 422 11 522 89 471 56 473 26 
473 4 423 25 523 16 472 26 474 71 
474 4 424 40 524 38 473 71 475 54 
475 4 425 79 525 9 474 54 476 23 
476 4 426 54 526 84 475 23 477 51 
477 4 427 15 527 58 476 51 478 98 
478 4 428 90 528 28 477 98 479 27 
479 4 429 68 529 70 478 27 480 72 
480 4 430 24 530 52 479 72 481 50 
481 4 431 32 531 11 480 50 482 29 
482 4 432 23 532 40 481 29 483 99 
483 4 433 76 533 89 482 99 484 11 
484 4 434 80 534 94 483 11 485 78 
485 4 435 55 535 91 484 78 486 77 
486 4 436 32 536 100 485 77 487 53 
487 4 437 58 537 32 486 53 488 88 
488 4 438 82 538 78 487 88 489 100 
489 4 439 4 539 58 488 100 490 67 
490 4 440 34 540 53 489 67 491 18 
491 4 441 82 541 42 490 18 492 36 
492 4 442 16 542 69 491 36 493 99 
493 4 443 26 543 85 492 99 494 96 
494 4 444 23 544 77 493 96 495 6 
495 4 445 52 545 67 494 6 496 29 
496 4 446 33 546 55 495 29 497 29 
497 4 447 82 547 9 496 29 498 94 
498 4 448 16 548 79 497 94 499 98 
499 4 449 9 549 56 498 98 500 73 
500 4 450 100 499 73 550 75 451 18 
501 4 451 98 502 46 551 1 550 16 
502 4 452 84 552 26 501 46 503 98 
503 4 453 55 553 84 502 98 504 13 
504 4 454 10 554 28 503 13 505 83 
505 4 455 33 555 22 504 83 506 94 
506 4 456 22 556 35 505 94 507 40 
507 4 457 64 557 35 506 40 508 22 
508 4 458 83 558 60 507 22 509 86 
509 4 459 86 559 58 508 86 510 55 
510 4 460 86 560 62 509 55 511 63 
511 4 461 91 561 73 510 63 512 42 
512 4 462 15 562 17 511 42 513 53 
513 4 463 17 563 51 512 53 514 63 
514 4 464 93 564 83 513 63 515 100 
515 4 465 29 565 18 514 100 516 55 
516 4 466 26 566 74 515 55 517 16 
517 4 467 37 567 7 516 16 518 52 
518 4 468 19 568 65 517 52 519 91 
519 4 469 38 569 64 518 91 520 92 
520 4 470 83 570 73 519 92 521 38 
521 4 471 11 571 38 520 38 522 60 
522 4 472 89 572 29 521 60 523 72 
523 4 473 16 573 81 522 72 524 88 
524 4 474 38 574 57 523 88 525 91 
525 4 475 9 575 42 524 91 526 71 
526 4 476 84 576 53 525 71 527 66 
527 4 477 58 577 12 526 66 528 70 
528 4 478 28 578 18 527 70 529 62 
529 4 479 70 579 84 528 62 530 52 
530 4 480 52 580 13 529 52 531 1 
531 4 481 11 581 7 530 1 532 39 
532 4 482 40 582 68 531 39 533 65 
533 4 483 89 583 90 532 65 534 33 
534 4 484 94 584 55 533 33 535 5 
535 4 485 91 585 76 534 5 536 80 
536 4 486 100 586 42 535 80 537 13 
537 4 487 32 587 39 536 13 538 70 
538 4 488 78 588 37 537 70 539 71 
539 4 489 58 589 57 538 71 540 45 
540 4 490 53 590 61 539 45 541 50 
541 4 491 42 591 15 540 50 542 66 
542 4 492 69 592 15 541 66 543 27 
543 4 493 85 593 87 542 27 544 84 
544 4 494 77 594 40 543 84 545 70 
545 4 495 67 595 36 544 70 546 53 
546 4 496 55 596 22 545 53 547 94 
547 4 497 9 597 91 546 94 548 90 
548 4 498 79 598 10 547 90 549 32 
549 4 499 56 599 74 548 32 550 65 
550 4 500 75 549 65 600 36 501 16 
551 4 501 1 552 49 601 96 600 16 
552 4 502 26 602 78 551 49 553 14 
553 4 503 84 603 34 552 14 554 99 
554 4 504 28 604 50 553 99 555 56 
555 4 505 22 605 56 554 56 556 94 
556 4 506 35 606 69 555 94 557 57 
557 4 507 35 607 61 556 57 558 34 
558 4 508 60 608 24 557 34 559 87 
559 4 509 58 609 72 558 87 560 59 
560 4 510 62 610 78 559 59 561 41 
561 4 511 73 611 46 560 41 562 82 
562 4 512 17 612 62 561 82 563 91 
563 4 513 51 613 24 562 91 564 51 
564 4 514 83 614 1 563 51 565 55 
565 4 515 18 615 76 564 55 566 65 
566 4 516 74 616 43 565 65 567 25 
567 4 517 7 617 60 566 25 568 20 
568 4 518 65 618 90 567 20 569 45 
569 4 519 64 619 70 568 45 570 39 
570 4 520 73 620 52 569 39 571 77 
571 4 521 38 621 84 570 77 572 20 
572 4 522 29 622 34 571 20 573 44 
573 4 523 81 623 5 572 44 574 57 
574 4 524 57 624 82 573 57 575 76 
575 4 525 42 625 67 574 76 576 12 
576 4 526 53 626 68 575 12 577 13 
577 4 527 12 627 93 576 13 578 30 
578 4 528 18 628 3 577 30 579 69 
579 4 529 84 629 32 578 69 580 3 
580 4 530 13 630 75 579 3 581 8 
581 4 531 7 631 19 580 8 582 17 
582 4 532 68 632 84 581 17 583 78 
583 4 533 90 633 88 582 78 584 73 
584 4 534 55 634 74 583 73 585 58 
585 4 535 76 635 63 584 58 586 26 
586 4 536 42 636 34 585 26 587 98 
587 4 537 39 637 97 586 98 588 19 
588 4 538 37 638 42 587 19 589 54 
589 4 539 57 639 27 588 54 590 75 
590 4 540 61 640 81 589 75 591 94 
591 4 541 15 641 86 590 94 592 49 
592 4 542 15 642 6 591 49 593 31 
593 4 543 87 643 30 592 31 594 60 
594 4 544 40 644 99 593 60 595 61 
595 4 545 36 645 63 594 61 596 25 
596 4 546 22 646 20 595 25 597 81 
597 4 547 91 647 42 596 81 598 3 
598 4 548 10 648 11 597 3 599 81 
599 4 549 74 649 27 598 81 600 84 
600 4 550 36 599 84 650 90 551 16 
601 4 551 96 602 41 651 9 650 18 
602 4 552 78 652 24 601 41 603 39 
603 4 553 34 653 58 602 39 604 94 
604 4 554 50 654 32 603 94 605 11 
605 4 555 56 655 21 604 11 606 6 
606 4 556 69 656 91 605 6 607 14 
607 4 557 61 657 92 606 14 608 39 
608 4 558 24 658 71 607 39 609 22 
609 4 559 72 659 68 608 22 610 30 
610 4 560 78 660 72 609 30 611 81 
611 4 561 46 661 44 610 81 612 96 
612 4 562 62 662 100 611 96 613 25 
613 4 563 24 663 89 612 25 614 55 
614 4 564 1 664 87 613 55 615 70 
615 4 565 76 665 33 614 70 616 70 
616 4 566 43 666 11 615 70 617 74 
617 4 567 60 667 31 616 74 618 34 
618 4 568 90 668 64 617 34 619 88 
619 4 569 70 669 80 618 88 620 95 
620 4 570 52 670 50 619 95 621 100 
621 4 571 84 671 52 620 100 622 40 
622 4 572 34 672 65 621 40 623 43 
623 4 573 5 673 31 622 43 624 87 
624 4 574 82 674 16 623 87 625 50 
625 4 575 67 675 16 624 50 626 87 
626 4 576 68 676 82 625 87 627 12 
627 4 577 93 677 35 626 12 628 34 
628 4 578 3 678 88 627 34 629 23 
629 4 579 32 679 88 628 23 630 74 
630 4 580 75 680 44 629 74 631 20 
631 4 581 19 681 43 630 20 632 55 
632 4 582 84 682 45 631 55 633 25 
633 4 583 88 683 40 632 25 634 60 
634 4 584 74 684 64 633 60 635 19 
635 4 585 63 685 54 634 19 636 13 
636 4 586 34 686 70 635 13 637 6 
637 4 587 97 687 5 636 6 638 34 
638 4 588 42 688 100 637 34 639 35 
639 4 589 27 689 20 638 35 640 16 
640 4 590 81 690 36 639 16 641 88 
641 4 591 86 691 54 640 88 642 70 
642 4 592 6 692 51 641 70 643 88 
643 4 593 30 693 3 642 88 644 38 
644 4 594 99 694 63 643 38 645 90 
645 4 595 63 695 11 644 90 646 6 
646 4 596 20 696 61 645 6 647 5 
647 4 597 42 697 12 646 5 648 58 
648 4 598 11 698 30 647 58 649 4 
649 4 599 27 699 17 648 4 650 93 
650 4 600 90 649 93 700 22 601 18 
651 4 601 9 652 23 701 6 700 82 
652 4 602 24 702 44 651 23 653 80 
653 4 603 58 703 62 652 80 654 29 
654 4 604 32 704 79 653 29 655 48 
655 4 605 21 705 1 654 48 656 46 
656 4 606 91 706 83 655 46 657 88 
657 4 607 92 707 100 656 88 658 52 
658 4 608 71 708 90 657 52 659 87 
659 4 609 68 709 54 658 87 660 27 
660 4 610 72 710 49 659 27 661 95 
661 4 611 44 711 37 660 95 662 7 
662 4 612 100 712 8 661 7 663 93 
663 4 613 89 713 18 662 93 664 65 
664 4 614 87 714 22 663 65 665 21 
665 4 615 33 715 81 664 21 666 67 
666 4 616 11 716 95 665 67 667 55 
667 4 617 31 717 24 666 55 668 38 
668 4 618 64 718 34 667 38 669 85 
669 4 619 80 719 18 668 85 670 13 
670 4 620 50 720 32 669 13 671 18 
671 4 621 52 721 10 670 18 672 66 
672 4 622 65 722 57 671 66 673 9 
673 4 623 31 723 70 672 9 674 46 
674 4 624 16 724 96 673 46 675 23 
675 4 625 16 725 72 674 23 676 96 
676 4 626 82 726 70 675 96 677 60 
677 4 627 35 727 2 676 60 678 77 
678 4 628 88 728 53 677 77 679 72 
679 4 629 88 729 41 678 72 680 26 
680 4 630 44 730 44 679 26 681 73 
681 4 631 43 731 92 680 73 682 90 
682 4 632 45 732 28 681 90 683 67 
683 4 633 40 733 79 682 67 684 13 
684 4 634 64 734 51 683 13 685 97 
685 4 635 54 735 25 684 97 686 34 
686 4 636 70 736 14 685 34 687 87 
687 4 637 5 737 100 686 87 688 71 
688 4 638 100 738 95 687 71 689 69 
689 4 639 20 739 16 688 69 690 42 
690 4 640 36 740 43 689 42 691 40 
691 4 641 54 741 38 690 40 692 64 
692 4 642 51 742 99 691 64 693 91 
693 4 643 3 743 40 692 91 694 3 
694 4 644 63 744 14 693 3 695 32 
695 4 645 11 745 29 694 32 696 58 
696 4 646 61 746 5 695 58 697 72 
697 4 647 12 747 47 696 72 698 84 
698 4 648 30 748 39 697 84 699 26 
699 4 649 17 749 96 698 26 700 41 
700 4 650 22 699 41 750 22 651 82 
701 4 651 6 702 73 751 27 750 94 
702 4 652 44 752 35 701 73 703 59 
703 4 653 62 753 26 702 59 704 57 
704 4 654 79 754 53 703 57 705 46 
705 4 655 1 755 73 704 46 706 47 
706 4 656 83 756 40 705 47 707 12 
707 4 657 100 757 84 706 12 708 4 
708 4 658 90 758 62 707 4 709 26 
709 4 659 54 759 43 708 26 710 17 
710 4 660 49 760 40 709 17 711 75 
711 4 661 37 761 45 710 75 712 97 
712 4 662 8 762 31 711 97 713 68 
713 4 663 18 763 95 712 68 714 14 
714 4 664 22 764 58 713 14 715 20 
715 4 665 81 765 61 714 20 716 51 
716 4 666 95 766 93 715 51 717 33 
717 4 667 24 767 77 716 33 718 80 
718 4 668 34 768 91 717 80 719 54 
719 4 669 18 769 36 718 54 720 96 
720 4 670 32 770 99 719 96 721 8 
721 4 671 10 771 42 720 8 722 38 
722 4 672 57 772 71 721 38 723 77 
723 4 673 70 773 41 722 77 724 85 
724 4 674 96 774 2 723 85 725 84 
725 4 675 72 775 1 724 84 726 93 
726 4 676 70 776 10 725 93 727 97 
727 4 677 2 777 41 726 97 728 40 
728 4 678 53 778 64 727 40 729 36 
729 4 679 41 779 5 728 36 730 74 
730 4 680 44 780 7 729 74 731 65 
731 4 681 92 781 24 730 65 732 52 
732 4 682 28 782 50 731 52 733 52 
733 4 683 79 783 31 732 52 734 40 
734 4 684 51 784 5 733 40 735 66 
735 4 685 25 785 87 734 66 736 3 
736 4 686 14 786 26 735 3 737 80 
737 4 687 100 787 92 736 80 738 48 
738 4 688 95 788 8 737 48 739 85 
739 4 689 16 789 32 738 85 740 62 
740 4 690 43 790 20 739 62 741 32 
741 4 691 38 791 54 740 32 742 29 
742 4 692 99 792 28 741 29 743 95 
743 4 693 40 793 20 742 95 744 44 
744 4 694 14 794 82 743 44 745 24 
745 4 695 29 795 69 744 24 746 88 
746 4 696 5 796 40 745 88 747 44 
747 4 697 47 797 39 746 44 748 89 
748 4 698 39 798 95 747 89 749 21 
749 4 699 96 799 81 748 21 750 99 
750 4 700 22 749 99 800 87 701 94 
751 4 701 27 752 19 801 53 800 18 
752 4 702 35 802 64 751 19 753 99 
753 4 703 26 803 96 752 99 754 11 
754 4 704 53 804 6 753 11 755 80 
755 4 705 73 805 43 754 80 756 67 
756 4 706 40 806 99 755 67 757 26 
757 4 707 84 807 73 756 26 758 79 
758 4 708 62 808 54 757 79 759 67 
759 4 709 43 809 98 758 67 760 49 
760 4 710 40 810 48 759 49 761 73 
761 4 711 45 811 17 760 73 762 87 
762 4 712 31 812 13 761 87 763 60 
763 4 713 95 813 78 762 60 764 1 
764 4 714 58 814 54 763 1 765 98 
765 4 715 61 815 33 764 98 766 4 
766 4 716 93 816 36 765 4 767 52 
767 4 717 77 817 8 766 52 768 99 
768 4 718 91 818 50 767 99 769 55 
769 4 719 36 819 62 768 55 770 7 
770 4 720 99 820 35 769 7 771 4 
771 4 721 42 821 26 770 4 772 85 
772 4 722 71 822 29 771 85 773 98 
773 4 723 41 823 64 772 98 774 34 
774 4 724 2 824 16 773 34 775 61 
775 4 725 1 825 82 774 61 776 15 
776 4 726 10 826 86 775 15 777 98 
777 4 727 41 827 1 776 98 778 98 
778 4 728 64 828 9 777 98 779 30 
779 4 729 5 829 50 778 30 780 14 
780 4 730 7 830 80 779 14 781 35 
781 4 731 24 831 17 780 35 782 15 
782 4 732 50 832 86 781 15 783 76 
783 4 733 31 833 66 782 76 784 87 
784 4 734 5 834 31 783 87 785 27 
785 4 735 87 835 93 784 27 786 17 
786 4 736 26 836 30 785 17 787 70 
787 4 737 92 837 53 786 70 788 10 
788 4 738 8 838 67 787 10 789 16 
789 4 739 32 839 96 788 16 790 34 
790 4 740 20 840 29 789 34 791 77 
791 4 741 54 841 48 790 77 792 14 
792 4 742 28 842 27 791 14 793 1 
793 4 743 20 843 63 792 1 794 87 
794 4 744 82 844 30 793 87 795 64 
795 4 745 69 845 1 794 64 796 9 
796 4 746 40 846 98 795 9 797 17 
797 4 747 39 847 76 796 17 798 83 
798 4 748 95 848 45 797 83 799 41 
799 4 749 81 849 21 798 41 800 27 
800 4 750 87 799 27 850 19 751 18 
801 4 751 53 802 66 851 95 850 48 
802 4 752 64 852 100 801 66 803 35 
803 4 753 96 853 47 802 35 804 9 
804 4 754 6 854 54 803 9 805 63 
805 4 755 43 855 4 804 63 806 87 
806 4 756 99 856 43 805 87 807 33 
807 4 757 73 857 35 806 33 808 8 
808 4 758 54 858 11 807 8 809 35 
809 4 759 98 859 70 808 35 810 97 
810 4 760 48 860 16 809 97 811 85 
811 4 761 17 861 97 810 85 812 25 
812 4 762 13 862 83 811 25 813 66 
813 4 763 78 863 52 812 66 814 17 
814 4 764 54 864 62 813 17 815 44 
815 4 765 33 865 38 814 44 816 88 
816 4 766 36 866 62 815 88 817 3 
817 4 767 8 867 82 816 3 818 61 
818 4 768 50 868 89 817 61 819 80 
819 4 769 62 869 21 818 80 820 42 
820 4 770 35 870 94 819 42 821 25 
821 4 771 26 871 29 820 25 822 36 
822 4 772 29 872 9 821 36 823 63 
823 4 773 64 873 43 822 63 824 71 
824 4 774 16 874 97 823 71 825 64 
825 4 775 82 875 67 824 64 826 12 
826 4 776 86 876 1 825 12 827 16 
827 4 777 1 877 88 826 16 828 35 
828 4 778 9 878 33 827 35 829 91 
829 4 779 50 879 51 828 91 830 94 
830 4 780 80 880 34 829 94 831 40 
831 4 781 17 881 81 830 40 832 95 
832 4 782 86 882 94 831 95 833 14 
833 4 783 66 883 55 832 14 834 83 
834 4 784 31 884 45 833 83 835 76 
835 4 785 93 885 24 834 76 836 39 
836 4 786 30 886 52 835 39 837 52 
837 4 787 53 887 74 836 52 838 12 
838 4 788 67 888 66 837 12 839 69 
839 4 789 96 889 82 838 69 840 14 
840 4 790 29 890 84 839 14 841 100 
841 4 791 48 891 78 840 100 842 36 
842 4 792 27 892 15 841 36 843 65 
843 4 793 63 893 70 842 65 844 47 
844 4 794 30 894 8 843 47 845 73 
845 4 795 1 895 92 844 73 846 41 
846 4 796 98 896 12 845 41 847 24 
847 4 797 76 897 88 846 24 848 58 
848 4 798 45 898 37 847 58 849 94 
849 4 799 21 899 40 848 94 850 82 
850 4 800 19 849 82 900 21 801 48 
851 4 801 95 852 15 901 72 900 69 
852 4 802 100 902 72 851 15 853 19 
853 4 803 47 903 97 852 19 854 35 
854 4 804 54 904 84 853 35 855 65 
855 4 805 4 905 68 854 65 856 98 
856 4 806 43 906 1 855 98 857 68 
857 4 807 35 907 75 856 68 858 36 
858 4 808 11 908 34 857 36 859 91 
859 4 809 70 909 58 858 91 860 33 
860 4 810 16 910 50 859 33 861 30 
861 4 811 97 911 24 860 30 862 91 
862 4 812 83 912 93 861 91 863 48 
863 4 813 52 913 30 862 48 864 50 
864 4 814 62 914 36 863 50 865 23 
865 4 815 38 915 41 864 23 866 69 
866 4 816 62 916 44 865 69 867 56 
867 4 817 82 917 40 866 56 868 67 
868 4 818 89 918 26 867 67 869 37 
869 4 819 21 919 54 868 37 870 61 
870 4 820 94 920 53 869 61 871 21 
871 4 821 29 921 58 870 21 872 5 
872 4 822 9 922 88 871 5 873 84 
873 4 823 43 923 41 872 84 874 22 
874 4 824 97 924 27 873 22 875 98 
875 4 825 67 925 6 874 98 876 28 
876 4 826 1 926 79 875 28 877 29 
877 4 827 88 927 70 876 29 878 71 
878 4 828 33 928 28 877 71 879 99 
879 4 829 51 929 21 878 99 880 64 
880 4 830 34 930 22 879 64 881 61 
881 4 831 81 931 84 880 61 882 17 
882 4 832 94 932 68 881 17 883 24 
883 4 833 55 933 83 882 24 884 93 
884 4 834 45 934 12 883 93 885 36 
885 4 835 24 935 54 884 36 886 64 
886 4 836 52 936 9 885 64 887 63 
887 4 837 74 937 69 886 63 888 96 
888 4 838 66 938 99 887 96 889 61 
889 4 839 82 939 69 888 61 890 77 
890 4 840 84 940 10 889 77 891 74 
891 4 841 78 941 4 890 74 892 88 
892 4 842 15 942 55 891 88 893 74 
893 4 843 70 943 58 892 74 894 82 
894 4 844 8 944 24 893 82 895 30 
895 4 845 92 945 97 894 30 896 45 
896 4 846 12 946 43 895 45 897 81 
897 4 847 88 947 13 896 81 898 10 
898 4 848 37 948 56 897 10 899 48 
899 4 849 40 949 55 898 48 900 67 
900 4 850 21 899 67 950 35 851 69 
901 4 851 72 902 60 951 82 950 6 
902 4 852 72 952 43 901 60 903 74 
903 4 853 97 953 2 902 74 904 39 
904 4 854 84 954 72 903 39 905 14 
905 4 855 68 955 59 904 14 906 100 
906 4 856 1 956 23 905 100 907 85 
907 4 857 75 957 56 906 85 908 62 
908 4 858 34 958 91 907 62 909 81 
909 4 859 58 959 72 908 81 910 24 
910 4 860 50 960 4 909 24 911 1 
911 4 861 24 961 21 910 1 912 1 
912 4 862 93 962 43 911 1 913 53 
913 4 863 30 963 13 912 53 914 5 
914 4 864 36 964 8 913 5 915 60 
915 4 865 41 965 59 914 60 916 26 
916 4 866 44 966 95 915 26 917 18 
917 4 867 40 967 59 916 18 918 37 
918 4 868 26 968 91 917 37 919 61 
919 4 869 54 969 27 918 61 920 15 
920 4 870 53 970 74 919 15 921 38 
921 4 871 58 971 66 920 38 922 49 
922 4 872 88 972 22 921 49 923 21 
923 4 873 41 973 10 922 21 924 64 
924 4 874 27 974 1 923 64 925 33 
925 4 875 6 975 87 924 33 926 5 
926 4 876 79 976 34 925 5 927 59 
927 4 877 70 977 57 926 59 928 28 
928 4 878 28 978 11 927 28 929 69 
929 4 879 21 979 32 928 69 930 70 
930 4 880 22 980 29 929 70 931 42 
931 4 881 84 981 47 930 42 932 75 
932 4 882 68 982 59 931 75 933 6 
933 4 883 83 983 11 932 6 934 2 
934 4 884 12 984 66 933 2 935 90 
935 4 885 54 985 68 934 90 936 91 
936 4 886 9 986 27 935 91 937 33 
937 4 887 69 987 39 936 33 938 100 
938 4 888 99 988 6 937 100 939 1 
939 4 889 69 989 63 938 1 940 58 
940 4 890 10 990 33 939 58 941 49 
941 4 891 4 991 62 940 49 942 18 
942 4 892 55 992 8 941 18 943 70 
943 4 893 58 993 98 942 70 944 70 
944 4 894 24 994 39 943 70 945 29 
945 4 895 97 995 40 944 29 946 19 
946 4 896 43 996 71 945 19 947 86 
947 4 897 13 997 93 946 86 948 81 
948 4 898 56 998 43 947 81 949 55 
949 4 899 55 999 34 948 55 950 8 
950 4 900 35 949 8 1000 44 901 6 
951 4 901 82 952 1 1001 51 1000 27 
952 4 902 43 1002 22 951 1 953 86 
953 4 903 2 1003 89 952 86 954 21 
954 4 904 72 1004 91 953 21 955 41 
955 4 905 59 1005 35 954 41 956 48 
956 4 906 23 1006 26 955 48 957 84 
957 4 907 56 1007 62 956 84 958 95 
958 4 908 91 1008 43 957 95 959 31 
959 4 909 72 1009 92 958 31 960 64 
960 4 910 4 1010 21 959 64 961 21 
961 4 911 21 1011 55 960 21 962 39 
962 4 912 43 1012 43 961 39 963 93 
963 4 913 13 1013 31 962 93 964 23 
964 4 914 8 1014 35 963 23 965 86 
965 4 915 59 1015 9 964 86 966 95 
966 4 916 95 1016 81 965 95 967 9 
967 4 917 59 1017 45 966 9 968 3 
968 4 918 91 1018 46 967 3 969 85 
969 4 919 27 1019 23 968 85 970 88 
970 4 920 74 1020 26 969 88 971 58 
971 4 921 66 1021 36 970 58 972 3 
972 4 922 22 1022 93 971 3 973 49 
973 4 923 10 1023 97 972 49 974 87 
974 4 924 1 1024 31 973 87 975 41 
975 4 925 87 1025 50 974 41 976 52 
976 4 926 34 1026 13 975 52 977 57 
977 4 927 57 1027 90 976 57 978 55 
978 4 928 11 1028 49 977 55 979 73 
979 4 929 32 1029 29 978 73 980 83 
980 4 930 29 1030 58 979 83 981 89 
981 4 931 47 1031 77 980 89 982 38 
982 4 932 59 1032 98 981 38 983 21 
983 4 933 11 1033 40 982 21 984 95 
984 4 934 66 1034 6 983 95 985 15 
985 4 935 68 1035 83 984 15 986 83 
986 4 936 27 1036 24 985 83 987 70 
987 4 937 39 1037 37 986 70 988 16 
988 4 938 6 1038 18 987 16 989 85 
989 4 939 63 1039 54 988 85 990 100 
990 4 940 33 1040 25 989 100 991 55 
991 4 941 62 1041 51 990 55 992 37 
992 4 942 8 1042 11 991 37 993 93 
993 4 943 98 1043 43 992 93 994 59 
994 4 944 39 1044 65 993 59 995 24 
995 4 945 40 1045 42 994 24 996 22 
996 4 946 71 1046 12 995 22 997 70 
997 4 947 93 1047 11 996 70 998 61 
998 4 948 43 1048 91 997 61 999 3 
999 4 949 34 1049 56 998 3 1000 48 
1000 4 950 44 999 48 1050 17 951 27 
1001 4 951 51 1002 90 1051 82 1050 56 
1002 4 952 22 1052 40 1001 90 1003 59 
1003 4 953 89 1053 18 1002 59 1004 7 
1004 4 954 91 1054 76 1003 7 1005 2 
1005 4 955 35 1055 12 1004 2 1006 75 
1006 4 956 26 1056 79 1005 75 1007 66 
1007 4 957 62 1057 78 1006 66 1008 67 
1008 4 958 43 1058 77 1007 67 1009 70 
1009 4 959 92 1059 62 1008 70 1010 35 
1010 4 960 21 1060 34 1009 35 1011 37 
1011 4 961 55 1061 28 1010 37 1012 7 
1012 4 962 43 1062 100 1011 7 1013 98 
1013 4 963 31 1063 17 1012 98 1014 61 
1014 4 964 35 1064 40 1013 61 1015 71 
1015 4 965 9 1065 68 1014 71 1016 87 
1016 4 966 81 1066 87 1015 87 1017 9 
1017 4 967 45 1067 68 1016 9 1018 78 
1018 4 968 46 1068 67 1017 78 1019 37 
1019 4 969 23 1069 36 1018 37 1020 94 
1020 4 970 26 1070 38 1019 94 1021 47 
1021 4 971 36 1071 20 1020 47 1022 68 
1022 4 972 93 1072 13 1021 68 1023 97 
1023 4 973 97 1073 35 1022 97 1024 41 
1024 4 974 31 1074 18 1023 41 1025 96 
1025 4 975 50 1075 75 1024 96 1026 51 
1026 4 976 13 1076 32 1025 51 1027 3 
1027 4 977 90 1077 9 1026 3 1028 31 
1028 4 978 49 1078 52 1027 31 1029 26 
1029 4 979 29 1079 43 1028 26 1030 91 
1030 4 980 58 1080 48 1029 91 1031 62 
1031 4 981 77 1081 77 1030 62 1032 35 
1032 4 982 98 1082 70 1031 35 1033 96 
1033 4 983 40 1083 64 1032 96 1034 36 
1034 4 984 6 1084 32 1033 36 1035 52 
1035 4 985 83 1085 81 1034 52 1036 21 
1036 4 986 24 1086 98 1035 21 1037 1 
1037 4 987 37 1087 89 1036 1 1038 62 
1038 4 988 18 1088 97 1037 62 1039 75 
1039 4 989 54 1089 2 1038 75 1040 15 
1040 4 990 25 1090 70 1039 15 1041 29 
1041 4 991 51 1091 17 1040 29 1042 53 
1042 4 992 11 1092 83 1041 53 1043 26 
1043 4 993 43 1093 83 1042 26 1044 34 
1044 4 994 65 1094 3 1043 34 1045 78 
1045 4 995 42 1095 24 1044 78 1046 50 
1046 4 996 12 1096 91 1045 50 1047 52 
1047 4 997 11 1097 36 1046 52 1048 61 
1048 4 998 91 1098 47 1047 61 1049 100 
1049 4 999 56 1099 48 1048 100 1050 30 
1050 4 1000 17 1049 30 1100 3 1001 56 
1051 4 1001 82 1052 29 1101 50 1100 48 
1052 4 1002 40 1102 100 1051 29 1053 29 
1053 4 1003 18 1103 90 1052 29 1054 14 
1054 4 1004 76 1104 77 1053 14 1055 64 
1055 4 1005 12 1105 67 1054 64 1056 91 
1056 4 1006 79 1106 85 1055 91 1057 95 
1057 4 1007 78 1107 60 1056 95 1058 37 
1058 4 1008 77 1108 77 1057 37 1059 85 
1059 4 1009 62 1109 72 1058 85 1060 10 
1060 4 1010 34 1110 39 1059 10 1061 1 
1061 4 1011 28 1111 85 1060 1 1062 40 
1062 4 1012 100 1112 91 1061 40 1063 36 
1063 4 1013 17 1113 76 1062 36 1064 51 
1064 4 1014 40 1114 82 1063 51 1065 27 
1065 4 1015 68 1115 51 1064 27 1066 63 
1066 4 1016 87 1116 29 1065 63 1067 79 
1067 4 1017 68 1117 65 1066 79 1068 80 
1068 4 1018 67 1118 59 1067 80 1069 54 
1069 4 1019 36 1119 45 1068 54 1070 35 
1070 4 1020 38 1120 70 1069 35 1071 12 
1071 4 1021 20 1121 78 1070 12 1072 6 
1072 4 1022 13 1122 58 1071 6 1073 37 
1073 4 1023 35 1123 43 1072 37 1074 35 
1074 4 1024 18 1124 73 1073 35 1075 66 
1075 4 1025 75 1125 96 1074 66 1076 11 
1076 4 1026 32 1126 66 1075 11 1077 33 
1077 4 1027 9 1127 50 1076 33 1078 8 
1078 4 1028 52 1128 68 1077 8 1079 77 
1079 4 1029 43 1129 59 1078 77 1080 2 
1080 4 1030 48 1130 3 1079 2 1081 61 
1081 4 1031 77 1131 64 1080 61 1082 83 
1082 4 1032 70 1132 39 1081 83 1083 28 
1083 4 1033 64 1133 15 1082 28 1084 97 
1084 4 1034 32 1134 34 1083 97 1085 59 
1085 4 1035 81 1135 31 1084 59 1086 55 
1086 4 1036 98 1136 70 1085 55 1087 8 
1087 4 1037 89 1137 60 1086 8 1088 28 
1088 4 1038 97 1138 96 1087 28 1089 2 
1089 4 1039 2 1139 14 1088 2 1090 68 
1090 4 1040 70 1140 19 1089 68 1091 61 
1091 4 1041 17 1141 30 1090 61 1092 36 
1092 4 1042 83 1142 93 1091 36 1093 32 
1093 4 1043 83 1143 44 1092 32 1094 13 
1094 4 1044 3 1144 8 1093 13 1095 54 
1095 4 1045 24 1145 14 1094 54 1096 63 
1096 4 1046 91 1146 14 1095 63 1097 29 
1097 4 1047 36 1147 97 1096 29 1098 52 
1098 4 1048 47 1148 57 1097 52 1099 11 
1099 4 1049 48 1149 100 1098 11 1100 42 
1100 4 1050 3 1099 42 1150 70 1051 48 
1101 4 1051 50 1102 82 1151 96 1150 65 
1102 4 1052 100 1152 91 1101 82 1103 90 
1103 4 1053 90 1153 55 1102 90 1104 70 
1104 4 1054 77 1154 37 1103 70 1105 9 
1105 4 1055 67 1155 83 1104 9 1106 5 
1106 4 1056 85 1156 27 1105 5 1107 96 
1107 4 1057 60 1157 34 1106 96 1108 15 
1108 4 1058 77 1158 88 1107 15 1109 65 
1109 4 1059 72 1159 58 1108 65 1110 52 
1110 4 1060 39 1160 25 1109 52 1111 11 
1111 4 1061 85 1161 65 1110 11 1112 39 
1112 4 1062 91 1162 24 1111 39 1113 94 
1113 4 1063 76 1163 35 1112 94 1114 27 
1114 4 1064 82 1164 2 1113 27 1115 46 
1115 4 1065 51 1165 26 1114 46 1116 95 
1116 4 1066 29 1166 67 1115 95 1117 7 
1117 4 1067 65 1167 90 1116 7 1118 57 
1118 4 1068 59 1168 48 1117 57 1119 96 
1119 4 1069 45 1169 27 1118 96 1120 85 
1120 4 1070 70 1170 4 1119 85 1121 61 
1121 4 1071 78 1171 41 1120 61 1122 83 
1122 4 1072 58 1172 56 1121 83 1123 74 
1123 4 1073 43 1173 49 1122 74 1124 96 
1124 4 1074 73 1174 91 1123 96 1125 6 
1125 4 1075 96 1175 47 1124 6 1126 67 
1126 4 1076 66 1176 68 1125 67 1127 64 
1127 4 1077 50 1177 5 1126 64 1128 91 
1128 4 1078 68 1178 9 1127 91 1129 91 
1129 4 1079 59 1179 69 1128 91 1130 62 
1130 4 1080 3 1180 36 1129 62 1131 94 
1131 4 1081 64 1181 56 1130 94 1132 2 
1132 4 1082 39 1182 52 1131 2 1133 45 
1133 4 1083 15 1183 11 1132 45 1134 52 
1134 4 1084 34 1184 92 1133 52 1135 89 
1135 4 1085 31 1185 36 1134 89 1136 48 
1136 4 1086 70 1186 49 1135 48 1137 76 
1137 4 1087 60 1187 82 1136 76 1138 57 
1138 4 1088 96 1188 1 1137 57 1139 30 
1139 4 1089 14 1189 52 1138 30 1140 43 
1140 4 1090 19 1190 35 1139 43 1141 50 
1141 4 1091 30 1191 61 1140 50 1142 2 
1142 4 1092 93 1192 65 1141 2 1143 65 
1143 4 1093 44 1193 44 1142 65 1144 73 
1144 4 1094 8 1194 56 1143 73 1145 12 
1145 4 1095 14 1195 34 1144 12 1146 43 
1146 4 1096 14 1196 57 1145 43 1147 41 
1147 4 1097 97 1197 97 1146 41 1148 60 
1148 4 1098 57 1198 37 1147 60 1149 59 
1149 4 1099 100 1199 11 1148 59 1150 29 
1150 4 1100 70 1149 29 1200 47 1101 65 
1151 4 1101 96 1152 98 1201 76 1200 92 
1152 4 1102 91 1202 95 1151 98 1153 25 
1153 4 1103 55 1203 57 1152 25 1154 51 
1154 4 1104 37 1204 26 1153 51 1155 86 
1155 4 1105 83 1205 54 1154 86 1156 20 
1156 4 1106 27 1206 72 1155 20 1157 56 
1157 4 1107 34 1207 81 1156 56 1158 25 
1158 4 1108 88 1208 20 1157 25 1159 97 
1159 4 1109 58 1209 68 1158 97 1160 45 
1160 4 1110 25 1210 4 1159 45 1161 31 
1161 4 1111 65 1211 30 1160 31 1162 47 
1162 4 1112 24 1212 87 1161 47 1163 71 
1163 4 1113 35 1213 95 1162 71 1164 46 
1164 4 1114 2 1214 59 1163 46 1165 53 
1165 4 1115 26 1215 9 1164 53 1166 87 
1166 4 1116 67 1216 99 1165 87 1167 6 
1167 4 1117 90 1217 14 1166 6 1168 45 
1168 4 1118 48 1218 31 1167 45 1169 22 
1169 4 1119 27 1219 48 1168 22 1170 8 
1170 4 1120 4 1220 59 1169 8 1171 1 
1171 4 1121 41 1221 79 1170 1 1172 30 
1172 4 1122 56 1222 8 1171 30 1173 59 
1173 4 1123 49 1223 54 1172 59 1174 80 
1174 4 1124 91 1224 8 1173 80 1175 73 
1175 4 1125 47 1225 76 1174 73 1176 11 
1176 4 1126 68 1226 3 1175 11 1177 5 
1177 4 1127 5 1227 9 1176 5 1178 41 
1178 4 1128 9 1228 27 1177 41 1179 3 
1179 4 1129 69 1229 87 1178 3 1180 86 
1180 4 1130 36 1230 7 1179 86 1181 47 
1181 4 1131 56 1231 24 1180 47 1182 5 
1182 4 1132 52 1232 52 1181 5 1183 38 
1183 4 1133 11 1233 2 1182 38 1184 34 
1184 4 1134 92 1234 11 1183 34 1185 49 
1185 4 1135 36 1235 93 1184 49 1186 70 
1186 4 1136 49 1236 1 1185 70 1187 72 
1187 4 1137 82 1237 51 1186 72 1188 9 
1188 4 1138 1 1238 82 1187 9 1189 57 
1189 4 1139 52 1239 88 1188 57 1190 89 
1190 4 1140 35 1240 29 1189 89 1191 63 
1191 4 1141 61 1241 52 1190 63 1192 84 
1192 4 1142 65 1242 19 1191 84 1193 60 
1193 4 1143 44 1243 24 1192 60 1194 46 
1194 4 1144 56 1244 15 1193 46 1195 62 
1195 4 1145 34 1245 83 1194 62 1196 73 
1196 4 1146 57 1246 8 1195 73 1197 58 
1197 4 1147 97 1247 30 1196 58 1198 12 
1198 4 1148 37 1248 95 1197 12 1199 31 
1199 4 1149 11 1249 45 1198 31 1200 58 
1200 4 1150 47 1199 58 1250 79 1151 92 
1201 4 1151 76 1202 38 1251 27 1250 33 
1202 4 1152 95 1252 79 1201 38 1203 61 
1203 4 1153 57 1253 29 1202 61 1204 87 
1204 4 1154 26 1254 42 1203 87 1205 85 
1205 4 1155 54 1255 26 1204 85 1206 83 
1206 4 1156 72 1256 66 1205 83 1207 40 
1207 4 1157 81 1257 34 1206 40 1208 49 
1208 4 1158 20 1258 59 1207 49 1209 45 
1209 4 1159 68 1259 24 1208 45 1210 56 
1210 4 1160 4 1260 11 1209 56 1211 86 
1211 4 1161 30 1261 90 1210 86 1212 84 
1212 4 1162 87 1262 45 1211 84 1213 47 
1213 4 1163 95 1263 13 1212 47 1214 56 
1214 4 1164 59 1264 94 1213 56 1215 43 
1215 4 1165 9 1265 1 1214 43 1216 51 
1216 4 1166 99 1266 21 1215 51 1217 90 
1217 4 1167 14 1267 29 1216 90 1218 51 
1218 4 1168 31 1268 50 1217 51 1219 57 
1219 4 1169 48 1269 38 1218 57 1220 43 
1220 4 1170 59 1270 42 1219 43 1221 15 
1221 4 1171 79 1271 25 1220 15 1222 59 
1222 4 1172 8 1272 55 1221 59 1223 10 
1223 4 1173 54 1273 59 1222 10 1224 65 
1224 4 1174 8 1274 55 1223 65 1225 82 
1225 4 1175 76 1275 20 1224 82 1226 17 
1226 4 1176 3 1276 19 1225 17 1227 61 
1227 4 1177 9 1277 100 1226 61 1228 64 
1228 4 1178 27 1278 7 1227 64 1229 64 
1229 4 1179 87 1279 19 1228 64 1230 100 
1230 4 1180 7 1280 6 1229 100 1231 71 
1231 4 1181 24 1281 2 1230 71 1232 78 
1232 4 1182 52 1282 12 1231 78 1233 30 
1233 4 1183 2 1283 29 1232 30 1234 13 
1234 4 1184 11 1284 87 1233 13 1235 18 
1235 4 1185 93 1285 56 1234 18 1236 80 
1236 4 1186 1 1286 84 1235 80 1237 80 
1237 4 1187 51 1287 90 1236 80 1238 38 
1238 4 1188 82 1288 90 1237 38 1239 48 
1239 4 1189 88 1289 54 1238 48 1240 96 
1240 4 1190 29 1290 81 1239 96 1241 25 
1241 4 1191 52 1291 12 1240 25 1242 100 
1242 4 1192 19 1292 85 1241 100 1243 12 
1243 4 1193 24 1293 15 1242 12 1244 44 
1244 4 1194 15 1294 27 1243 44 1245 85 
1245 4 1195 83 1295 43 1244 85 1246 33 
1246 4 1196 8 1296 8 1245 33 1247 97 
1247 4 1197 30 1297 62 1246 97 1248 19 
1248 4 1198 95 1298 26 1247 19 1249 42 
1249 4 1199 45 1299 32 1248 42 1250 64 
1250 4 1200 79 1249 64 1300 11 1201 33 
1251 4 1201 27 1252 87 1301 95 1300 85 
1252 4 1202 79 1302 95 1251 87 1253 18 
1253 4 1203 29 1303 36 1252 18 1254 84 
1254 4 1204 42 1304 59 1253 84 1255 83 
1255 4 1205 26 1305 38 1254 83 1256 54 
1256 4 1206 66 1306 16 1255 54 1257 14 
1257 4 1207 34 1307 18 1256 14 1258 15 
1258 4 1208 59 1308 99 1257 15 1259 81 
1259 4 1209 24 1309 81 1258 81 1260 42 
1260 4 1210 11 1310 7 1259 42 1261 65 
1261 4 1211 90 1311 36 1260 65 1262 39 
1262 4 1212 45 1312 24 1261 39 1263 32 
1263 4 1213 13 1313 53 1262 32 1264 43 
1264 4 1214 94 1314 10 1263 43 1265 46 
1265 4 1215 1 1315 26 1264 46 1266 25 
1266 4 1216 21 1316 57 1265 25 1267 64 
1267 4 1217 29 1317 72 1266 64 1268 3 
1268 4 1218 50 1318 81 1267 3 1269 7 
1269 4 1219 38 1319 86 1268 7 1270 92 
1270 4 1220 42 1320 90 1269 92 1271 75 
1271 4 1221 25 1321 45 1270 75 1272 57 
1272 4 1222 55 1322 89 1271 57 1273 62 
1273 4 1223 59 1323 71 1272 62 1274 39 
1274 4 1224 55 1324 42 1273 39 1275 3 
1275 4 1225 20 1325 80 1274 3 1276 49 
1276 4 1226 19 1326 19 1275 49 1277 67 
1277 4 1227 100 1327 39 1276 67 1278 43 
1278 4 1228 7 1328 51 1277 43 1279 43 
1279 4 1229 19 1329 85 1278 43 1280 60 
1280 4 1230 6 1330 89 1279 60 1281 62 
1281 4 1231 2 1331 36 1280 62 1282 97 
1282 4 1232 12 1332 25 1281 97 1283 7 
1283 4 1233 29 1333 99 1282 7 1284 57 
1284 4 1234 87 1334 14 1283 57 1285 36 
1285 4 1235 56 1335 48 1284 36 1286 55 
1286 4 1236 84 1336 63 1285 55 1287 45 
1287 4 1237 90 1337 11 1286 45 1288 3 
1288 4 1238 90 1338 58 1287 3 1289 33 
1289 4 1239 54 1339 41 1288 33 1290 52 
1290 4 1240 81 1340 87 1289 52 1291 72 
1291 4 1241 12 1341 100 1290 72 1292 5 
1292 4 1242 85 1342 90 1291 5 1293 90 
1293 4 1243 15 1343 47 1292 90 1294 40 
1294 4 1244 27 1344 85 1293 40 1295 83 
1295 4 1245 43 1345 51 1294 83 1296 73 
1296 4 1246 8 1346 44 1295 73 1297 87 
1297 4 1247 62 1347 69 1296 87 1298 20 
1298 4 1248 26 1348 93 1297 20 1299 19 
1299 4 1249 32 1349 77 1298 19 1300 58 
1300 4 1250 11 1299 58 1350 54 1251 85 
1301 4 1251 95 1302 76 1351 64 1350 57 
1302 4 1252 95 1352 16 1301 76 1303 20 
1303 4 1253 36 1353 26 1302 20 1304 70 
1304 4 1254 59 1354 78 1303 70 1305 10 
1305 4 1255 38 1355 10 1304 10 1306 81 
1306 4 1256 16 1356 96 1305 81 1307 33 
1307 4 1257 18 1357 32 1306 33 1308 1 
1308 4 1258 99 1358 23 1307 1 1309 21 
1309 4 1259 81 1359 47 1308 21 1310 14 
1310 4 1260 7 1360 57 1309 14 1311 30 
1311 4 1261 36 1361 65 1310 30 1312 29 
1312 4 1262 24 1362 25 1311 29 1313 51 
1313 4 1263 53 1363 49 1312 51 1314 45 
1314 4 1264 10 1364 95 1313 45 1315 19 
1315 4 1265 26 1365 73 1314 19 1316 5 
1316 4 1266 57 1366 73 1315 5 1317 48 
1317 4 1267 72 1367 68 1316 48 1318 40 
1318 4 1268 81 1368 20 1317 40 1319 94 
1319 4 1269 86 1369 10 1318 94 1320 49 
1320 4 1270 90 1370 55 1319 49 1321 71 
1321 4 1271 45 1371 29 1320 71 1322 51 
1322 4 1272 89 1372 56 1321 51 1323 60 
1323 4 1273 71 1373 51 1322 60 1324 30 
1324 4 1274 42 1374 32 1323 30 1325 49 
1325 4 1275 80 1375 43 1324 49 1326 89 
1326 4 1276 19 1376 78 1325 89 1327 7 
1327 4 1277 39 1377 69 1326 7 1328 55 
1328 4 1278 51 1378 9 1327 55 1329 70 
1329 4 1279 85 1379 99 1328 70 1330 4 
1330 4 1280 89 1380 88 1329 4 1331 71 
1331 4 1281 36 1381 8 1330 71 1332 12 
1332 4 1282 25 1382 70 1331 12 1333 27 
1333 4 1283 99 1383 4 1332 27 1334 41 
1334 4 1284 14 1384 72 1333 41 1335 65 
1335 4 1285 48 1385 89 1334 65 1336 27 
1336 4 1286 63 1386 87 1335 27 1337 17 
1337 4 1287 11 1387 77 1336 17 1338 42 
1338 4 1288 58 1388 28 1337 42 1339 79 
1339 4 1289 41 1389 23 1338 79 1340 60 
1340 4 1290 87 1390 27 1339 60 1341 66 
1341 4 1291 100 1391 100 1340 66 1342 5 
1342 4 1292 90 1392 24 1341 5 1343 68 
1343 4 1293 47 1393 59 1342 68 1344 33 
1344 4 1294 85 1394 89 1343 33 1345 9 
1345 4 1295 51 1395 88 1344 9 1346 77 
1346 4 1296 44 1396 31 1345 77 1347 95 
1347 4 1297 69 1397 40 1346 95 1348 52 
1348 4 1298 93 1398 73 1347 52 1349 43 
1349 4 1299 77 1399 93 1348 43 1350 45 
1350 4 1300 54 1349 45 1400 7 1301 57 
1351 4 1301 64 1352 81 1401 23 1400 62 
1352 4 1302 16 1402 94 1351 81 1353 50 
1353 4 1303 26 1403 99 1352 50 1354 87 
1354 4 1304 78 1404 29 1353 87 1355 77 
1355 4 1305 10 1405 10 1354 77 1356 88 
1356 4 1306 96 1406 3 1355 88 1357 27 
1357 4 1307 32 1407 39 1356 27 1358 59 
1358 4 1308 23 1408 50 1357 59 1359 59 
1359 4 1309 47 1409 69 1358 59 1360 82 
1360 4 1310 57 1410 47 1359 82 1361 29 
1361 4 1311 65 1411 21 1360 29 1362 75 
1362 4 1312 25 1412 59 1361 75 1363 15 
1363 4 1313 49 1413 15 1362 15 1364 63 
1364 4 1314 95 1414 40 1363 63 1365 57 
1365 4 1315 73 1415 55 1364 57 1366 36 
1366 4 1316 73 1416 16 1365 36 1367 35 
1367 4 1317 68 1417 58 1366 35 1368 61 
1368 4 1318 20 1418 36 1367 61 1369 8 
1369 4 1319 10 1419 47 1368 8 1370 65 
1370 4 1320 55 1420 84 1369 65 1371 56 
1371 4 1321 29 1421 4 1370 56 1372 38 
1372 4 1322 56 1422 34 1371 38 1373 43 
1373 4 1323 51 1423 49 1372 43 1374 84 
1374 4 1324 32 1424 1 1373 84 1375 69 
1375 4 1325 43 1425 17 1374 69 1376 47 
1376 4 1326 78 1426 50 1375 47 1377 38 
1377 4 1327 69 1427 22 1376 38 1378 60 
1378 4 1328 9 1428 4 1377 60 1379 88 
1379 4 1329 99 1429 22 1378 88 1380 43 
1380 4 1330 88 1430 44 1379 43 1381 76 
1381 4 1331 8 1431 78 1380 76 1382 11 
1382 4 1332 70 1432 63 1381 11 1383 87 
1383 4 1333 4 1433 71 1382 87 1384 98 
1384 4 1334 72 1434 94 1383 98 1385 18 
1385 4 1335 89 1435 62 1384 18 1386 29 
1386 4 1336 87 1436 25 1385 29 1387 18 
1387 4 1337 77 1437 67 1386 18 1388 59 
1388 4 1338 28 1438 60 1387 59 1389 67 
1389 4 1339 23 1439 94 1388 67 1390 60 
1390 4 1340 27 1440 87 1389 60 1391 10 
1391 4 1341 100 1441 58 1390 10 1392 36 
1392 4 1342 24 1442 47 1391 36 1393 31 
1393 4 1343 59 1443 96 1392 31 1394 3 
1394 4 1344 89 1444 18 1393 3 1395 17 
1395 4 1345 88 1445 97 1394 17 1396 14 
1396 4 1346 31 1446 93 1395 14 1397 75 
1397 4 1347 40 1447 24 1396 75 1398 7 
1398 4 1348 73 1448 61 1397 7 1399 95 
1399 4 1349 93 1449 4 1398 95 1400 7 
1400 4 1350 7 1399 7 1450 64 1351 62 
1401 4 1351 23 1402 18 1451 35 1450 79 
1402 4 1352 94 1452 40 1401 18 1403 35 
1403 4 1353 99 1453 53 1402 35 1404 50 
1404 4 1354 29 1454 94 1403 50 1405 19 
1405 4 1355 10 1455 43 1404 19 1406 5 
1406 4 1356 3 1456 6 1405 5 1407 5 
1407 4 1357 39 1457 14 1406 5 1408 93 
1408 4 1358 50 1458 3 1407 93 1409 45 
1409 4 1359 69 1459 88 1408 45 1410 5 
1410 4 1360 47 1460 62 1409 5 1411 57 
1411 4 1361 21 1461 2 1410 57 1412 27 
1412 4 1362 59 1462 49 1411 27 1413 28 
1413 4 1363 15 1463 51 1412 28 1414 55 
1414 4 1364 40 1464 40 1413 55 1415 97 
1415 4 1365 55 1465 10 1414 97 1416 46 
1416 4 1366 16 1466 12 1415 46 1417 27 
1417 4 1367 58 1467 81 1416 27 1418 3 
1418 4 1368 36 1468 13 1417 3 1419 33 
1419 4 1369 47 1469 53 1418 33 1420 58 
1420 4 1370 84 1470 4 1419 58 1421 47 
1421 4 1371 4 1471 62 1420 47 1422 61 
1422 4 1372 34 1472 51 1421 61 1423 28 
1423 4 1373 49 1473 53 1422 28 1424 54 
1424 4 1374 1 1474 72 1423 54 1425 41 
1425 4 1375 17 1475 58 1424 41 1426 85 
1426 4 1376 50 1476 49 1425 85 1427 11 
1427 4 1377 22 1477 12 1426 11 1428 49 
1428 4 1378 4 1478 38 1427 49 1429 14 
1429 4 1379 22 1479 55 1428 14 1430 78 
1430 4 1380 44 1480 62 1429 78 1431 64 
1431 4 1381 78 1481 75 1430 64 1432 25 
1432 4 1382 63 1482 43 1431 25 1433 55 
1433 4 1383 71 1483 27 1432 55 1434 55 
1434 4 1384 94 1484 40 1433 55 1435 79 
1435 4 1385 62 1485 65 1434 79 1436 43 
1436 4 1386 25 1486 26 1435 43 1437 78 
1437 4 1387 67 1487 3 1436 78 1438 28 
1438 4 1388 60 1488 5 1437 28 1439 55 
1439 4 1389 94 1489 81 1438 55 1440 76 
1440 4 1390 87 1490 47 1439 76 1441 91 
1441 4 1391 58 1491 61 1440 91 1442 95 
1442 4 1392 47 1492 1 1441 95 1443 24 
1443 4 1393 96 1493 43 1442 24 1444 91 
1444 4 1394 18 1494 89 1443 91 1445 97 
1445 4 1395 97 1495 20 1444 97 1446 50 
1446 4 1396 93 1496 13 1445 50 1447 94 
1447 4 1397 24 1497 26 1446 94 1448 55 
1448 4 1398 61 1498 49 1447 55 1449 52 
1449 4 1399 4 1499 61 1448 52 1450 88 
1450 4 1400 64 1449 88 1500 83 1401 79 
1451 4 1401 35 1452 25 1501 30 1500 72 
1452 4 1402 40 1502 60 1451 25 1453 3 
1453 4 1403 53 1503 84 1452 3 1454 87 
1454 4 1404 94 1504 7 1453 87 1455 38 
1455 4 1405 43 1505 68 1454 38 1456 35 
1456 4 1406 6 1506 37 1455 35 1457 10 
1457 4 1407 14 1507 47 1456 10 1458 31 
1458 4 1408 3 1508 10 1457 31 1459 70 
1459 4 1409 88 1509 26 1458 70 1460 52 
1460 4 1410 62 1510 58 1459 52 1461 74 
1461 4 1411 2 1511 71 1460 74 1462 59 
1462 4 1412 49 1512 86 1461 59 1463 65 
1463 4 1413 51 1513 84 1462 65 1464 40 
1464 4 1414 40 1514 65 1463 40 1465 87 
1465 4 1415 10 1515 53 1464 87 1466 4 
1466 4 1416 12 1516 69 1465 4 1467 77 
1467 4 1417 81 1517 33 1466 77 1468 28 
1468 4 1418 13 1518 31 1467 28 1469 68 
1469 4 1419 53 1519 67 1468 68 1470 38 
1470 4 1420 4 1520 5 1469 38 1471 34 
1471 4 1421 62 1521 72 1470 34 1472 93 
1472 4 1422 51 1522 95 1471 93 1473 18 
1473 4 1423 53 1523 76 1472 18 1474 56 
1474 4 1424 72 1524 39 1473 56 1475 1 
1475 4 1425 58 1525 8 1474 1 1476 48 
1476 4 1426 49 1526 74 1475 48 1477 78 
1477 4 1427 12 1527 58 1476 78 1478 60 
1478 4 1428 38 1528 94 1477 60 1479 93 
1479 4 1429 55 1529 51 1478 93 1480 58 
1480 4 1430 62 1530 79 1479 58 1481 3 
1481 4 1431 75 1531 61 1480 3 1482 48 
1482 4 1432 43 1532 32 1481 48 1483 45 
1483 4 1433 27 1533 27 1482 45 1484 62 
1484 4 1434 40 1534 12 1483 62 1485 93 
1485 4 1435 65 1535 99 1484 93 1486 69 
1486 4 1436 26 1536 78 1485 69 1487 22 
1487 4 1437 3 1537 61 1486 22 1488 72 
1488 4 1438 5 1538 91 1487 72 1489 88 
1489 4 1439 81 1539 80 1488 88 1490 81 
1490 4 1440 47 1540 88 1489 81 1491 87 
1491 4 1441 61 1541 80 1490 87 1492 14 
1492 4 1442 1 1542 64 1491 14 1493 37 
1493 4 1443 43 1543 25 1492 37 1494 10 
1494 4 1444 89 1544 29 1493 10 1495 75 
1495 4 1445 20 1545 67 1494 75 1496 60 
1496 4 1446 13 1546 30 1495 60 1497 28 
1497 4 1447 26 1547 59 1496 28 1498 61 
1498 4 1448 49 1548 72 1497 61 1499 85 
1499 4 1449 61 1549 74 1498 85 1500 36 
1500 4 1450 83 1499 36 1550 30 1451 72 
1501 4 1451 30 1502 25 1551 4 1550 46 
1502 4 1452 60 1552 59 1501 25 1503 46 
1503 4 1453 84 1553 16 1502 46 1504 83 
1504 4 1454 7 1554 89 1503 83 1505 4 
1505 4 1455 68 1555 62 1504 4 1506 69 
1506 4 1456 37 1556 43 1505 69 1507 48 
1507 4 1457 47 1557 1 1506 48 1508 56 
1508 4 1458 10 1558 63 1507 56 1509 37 
1509 4 1459 26 1559 32 1508 37 1510 72 
1510 4 1460 58 1560 18 1509 72 1511 59 
1511 4 1461 71 1561 39 1510 59 1512 77 
1512 4 1462 86 1562 88 1511 77 1513 18 
1513 4 1463 84 1563 35 1512 18 1514 100 
1514 4 1464 65 1564 41 1513 100 1515 71 
1515 4 1465 53 1565 73 1514 71 1516 28 
1516 4 1466 69 1566 52 1515 28 1517 97 
1517 4 1467 33 1567 83 1516 97 1518 11 
1518 4 1468 31 1568 95 1517 11 1519 99 
1519 4 1469 67 1569 93 1518 99 1520 83 
1520 4 1470 5 1570 54 1519 83 1521 54 
1521 4 1471 72 1571 3 1520 54 1522 48 
1522 4 1472 95 1572 53 1521 48 1523 55 
1523 4 1473 76 1573 56 1522 55 1524 15 
1524 4 1474 39 1574 92 1523 15 1525 87 
1525 4 1475 8 1575 39 1524 87 1526 61 
1526 4 1476 74 1576 45 1525 61 1527 29 
1527 4 1477 58 1577 89 1526 29 1528 84 
1528 4 1478 94 1578 46 1527 84 1529 23 
1529 4 1479 51 1579 35 1528 23 1530 38 
1530 4 1480 79 1580 45 1529 38 1531 8 
1531 4 1481 61 1581 66 1530 8 1532 97 
1532 4 1482 32 1582 56 1531 97 1533 48 
1533 4 1483 27 1583 7 1532 48 1534 50 
1534 4 1484 12 1584 98 1533 50 1535 51 
1535 4 1485 99 1585 84 1534 51 1536 3 
1536 4 1486 78 1586 4 1535 3 1537 39 
1537 4 1487 61 1587 51 1536 39 1538 56 
1538 4 1488 91 1588 93 1537 56 1539 6 
1539 4 1489 80 1589 22 1538 6 1540 36 
1540 4 1490 88 1590 92 1539 36 1541 12 
1541 4 1491 80 1591 96 1540 12 1542 89 
1542 4 1492 64 1592 40 1541 89 1543 84 
1543 4 1493 25 1593 24 1542 84 1544 37 
1544 4 1494 29 1594 58 1543 37 1545 59 
1545 4 1495 67 1595 27 1544 59 1546 3 
1546 4 1496 30 1596 66 1545 3 1547 92 
1547 4 1497 59 1597 51 1546 92 1548 21 
1548 4 1498 72 1598 91 1547 21 1549 9 
1549 4 1499 74 1599 23 1548 9 1550 89 
1550 4 1500 30 1549 89 1600 59 1501 46 
1551 4 1501 4 1552 58 1601 91 1600 43 
1552 4 1502 59 1602 62 1551 58 1553 96 
1553 4 1503 16 1603 41 1552 96 1554 69 
1554 4 1504 89 1604 41 1553 69 1555 98 
1555 4 1505 62 1605 42 1554 98 1556 76 
1556 4 1506 43 1606 42 1555 76 1557 54 
1557 4 1507 1 1607 24 1556 54 1558 30 
1558 4 1508 63 1608 45 1557 30 1559 59 
1559 4 1509 32 1609 53 1558 59 1560 34 
1560 4 1510 18 1610 17 1559 34 1561 11 
1561 4 1511 39 1611 60 1560 11 1562 71 
1562 4 1512 88 1612 28 1561 71 1563 51 
1563 4 1513 35 1613 73 1562 51 1564 1 
1564 4 1514 41 1614 41 1563 1 1565 81 
1565 4 1515 73 1615 75 1564 81 1566 81 
1566 4 1516 52 1616 39 1565 81 1567 32 
1567 4 1517 83 1617 72 1566 32 1568 100 
1568 4 1518 95 1618 80 1567 100 1569 64 
1569 4 1519 93 1619 20 1568 64 1570 20 
1570 4 1520 54 1620 62 1569 20 1571 13 
1571 4 1521 3 1621 47 1570 13 1572 55 
1572 4 1522 53 1622 18 1571 55 1573 70 
1573 4 1523 56 1623 84 1572 70 1574 63 
1574 4 1524 92 1624 29 1573 63 1575 88 
1575 4 1525 39 1625 96 1574 88 1576 97 
1576 4 1526 45 1626 51 1575 97 1577 55 
1577 4 1527 89 1627 67 1576 55 1578 30 
1578 4 1528 46 1628 57 1577 30 1579 39 
1579 4 1529 35 1629 30 1578 39 1580 97 
1580 4 1530 45 1630 19 1579 97 1581 56 
1581 4 1531 66 1631 30 1580 56 1582 9 
1582 4 1532 56 1632 88 1581 9 1583 1 
1583 4 1533 7 1633 8 1582 1 1584 19 
1584 4 1534 98 1634 16 1583 19 1585 79 
1585 4 1535 84 1635 38 1584 79 1586 29 
1586 4 1536 4 1636 91 1585 29 1587 36 
1587 4 1537 51 1637 83 1586 36 1588 9 
1588 4 1538 93 1638 6 1587 9 1589 18 
1589 4 1539 22 1639 23 1588 18 1590 86 
1590 4 1540 92 1640 58 1589 86 1591 70 
1591 4 1541 96 1641 82 1590 70 1592 8 
1592 4 1542 40 1642 24 1591 8 1593 100 
1593 4 1543 24 1643 37 1592 100 1594 80 
1594 4 1544 58 1644 90 1593 80 1595 19 
1595 4 1545 27 1645 28 1594 19 1596 8 
1596 4 1546 66 1646 74 1595 8 1597 57 
1597 4 1547 51 1647 16 1596 57 1598 13 
1598 4 1548 91 1648 9 1597 13 1599 75 
1599 4 1549 23 1649 31 1598 75 1600 77 
1600 4 1550 59 1599 77 1650 5 1551 43 
1601 4 1551 91 1602 20 1651 57 1650 46 
1602 4 1552 62 1652 47 1601 20 1603 56 
1603 4 1553 41 1653 40 1602 56 1604 7 
1604 4 1554 41 1654 13 1603 7 1605 9 
1605 4 1555 42 1655 29 1604 9 1606 98 
1606 4 1556 42 1656 66 1605 98 1607 98 
1607 4 1557 24 1657 31 1606 98 1608 73 
1608 4 1558 45 1658 73 1607 73 1609 30 
1609 4 1559 53 1659 62 1608 30 1610 4 
1610 4 1560 17 1660 19 1609 4 1611 32 
1611 4 1561 60 1661 84 1610 32 1612 78 
1612 4 1562 28 1662 57 1611 78 1613 92 
1613 4 1563 73 1663 45 1612 92 1614 70 
1614 4 1564 41 1664 53 1613 70 1615 71 
1615 4 1565 75 1665 52 1614 71 1616 29 
1616 4 1566 39 1666 27 1615 29 1617 24 
1617 4 1567 72 1667 85 1616 24 1618 73 
1618 4 1568 80 1668 31 1617 73 1619 76 
1619 4 1569 20 1669 80 1618 76 1620 95 
1620 4 1570 62 1670 85 1619 95 1621 60 
1621 4 1571 47 1671 92 1620 60 1622 50 
1622 4 1572 18 1672 10 1621 50 1623 74 
1623 4 1573 84 1673 75 1622 74 1624 82 
1624 4 1574 29 1674 3 1623 82 1625 36 
1625 4 1575 96 1675 38 1624 36 1626 73 
1626 4 1576 51 1676 67 1625 73 1627 21 
1627 4 1577 67 1677 2 1626 21 1628 75 
1628 4 1578 57 1678 12 1627 75 1629 46 
1629 4 1579 30 1679 44 1628 46 1630 16 
1630 4 1580 19 1680 68 1629 16 1631 48 
1631 4 1581 30 1681 44 1630 48 1632 94 
1632 4 1582 88 1682 23 1631 94 1633 81 
1633 4 1583 8 1683 18 1632 81 1634 5 
1634 4 1584 16 1684 8 1633 5 1635 97 
1635 4 1585 38 1685 99 1634 97 1636 92 
1636 4 1586 91 1686 9 1635 92 1637 90 
1637 4 1587 83 1687 94 1636 90 1638 18 
1638 4 1588 6 1688 63 1637 18 1639 68 
1639 4 1589 23 1689 51 1638 68 1640 17 
1640 4 1590 58 1690 55 1639 17 1641 88 
1641 4 1591 82 1691 41 1640 88 1642 73 
1642 4 1592 24 1692 60 1641 73 1643 42 
1643 4 1593 37 1693 47 1642 42 1644 24 
1644 4 1594 90 1694 39 1643 24 1645 43 
1645 4 1595 28 1695 39 1644 43 1646 6 
1646 4 1596 74 1696 90 1645 6 1647 83 
1647 4 1597 16 1697 51 1646 83 1648 64 
1648 4 1598 9 1698 15 1647 64 1649 68 
1649 4 1599 31 1699 68 1648 68 1650 22 
1650 4 1600 5 1649 22 1700 17 1601 46 
1651 4 1601 57 1652 66 1701 66 1700 95 
1652 4 1602 47 1702 25 1651 66 1653 7 
1653 4 1603 40 1703 59 1652 7 1654 42 
1654 4 1604 13 1704 21 1653 42 1655 26 
1655 4 1605 29 1705 92 1654 26 1656 89 
1656 4 1606 66 1706 80 1655 89 1657 32 
1657 4 1607 31 1707 29 1656 32 1658 52 
1658 4 1608 73 1708 91 1657 52 1659 70 
1659 4 1609 62 1709 98 1658 70 1660 14 
1660 4 1610 19 1710 60 1659 14 1661 92 
1661 4 1611 84 1711 53 1660 92 1662 17 
1662 4 1612 57 1712 33 1661 17 1663 87 
1663 4 1613 45 1713 67 1662 87 1664 96 
1664 4 1614 53 1714 1 1663 96 1665 86 
1665 4 1615 52 1715 15 1664 86 1666 74 
1666 4 1616 27 1716 2 1665 74 1667 80 
1667 4 1617 85 1717 39 1666 80 1668 78 
1668 4 1618 31 1718 38 1667 78 1669 97 
1669 4 1619 80 1719 19 1668 97 1670 58 
1670 4 1620 85 1720 74 1669 58 1671 63 
1671 4 1621 92 1721 46 1670 63 1672 5 
1672 4 1622 10 1722 94 1671 5 1673 26 
1673 4 1623 75 1723 8 1672 26 1674 36 
1674 4 1624 3 1724 47 1673 36 1675 6 
1675 4 1625 38 1725 50 1674 6 1676 6 
1676 4 1626 67 1726 49 1675 6 1677 54 
1677 4 1627 2 1727 74 1676 54 1678 82 
1678 4 1628 12 1728 40 1677 82 1679 40 
1679 4 1629 44 1729 77 1678 40 1680 92 
1680 4 1630 68 1730 78 1679 92 1681 92 
1681 4 1631 44 1731 65 1680 92 1682 31 
1682 4 1632 23 1732 23 1681 31 1683 56 
1683 4 1633 18 1733 9 1682 56 1684 61 
1684 4 1634 8 1734 52 1683 61 1685 27 
1685 4 1635 99 1735 70 1684 27 1686 78 
1686 4 1636 9 1736 41 1685 78 1687 16 
1687 4 1637 94 1737 82 1686 16 1688 34 
1688 4 1638 63 1738 93 1687 34 1689 90 
1689 4 1639 51 1739 70 1688 90 1690 40 
1690 4 1640 55 1740 47 1689 40 1691 71 
1691 4 1641 41 1741 97 1690 71 1692 95 
1692 4 1642 60 1742 24 1691 95 1693 71 
1693 4 1643 47 1743 76 1692 71 1694 15 
1694 4 1644 39 1744 62 1693 15 1695 5 
1695 4 1645 39 1745 6 1694 5 1696 39 
1696 4 1646 90 1746 96 1695 39 1697 22 
1697 4 1647 51 1747 70 1696 22 1698 70 
1698 4 1648 15 1748 77 1697 70 1699 78 
1699 4 1649 68 1749 30 1698 78 1700 81 
1700 4 1650 17 1699 81 1750 56 1651 95 
1701 4 1651 66 1702 100 1751 58 1750 66 
1702 4 1652 25 1752 97 1701 100 1703 67 
1703 4 1653 59 1753 39 1702 67 1704 82 
1704 4 1654 21 1754 59 1703 82 1705 80 
1705 4 1655 92 1755 3 1704 80 1706 50 
1706 4 1656 80 1756 26 1705 50 1707 25 
1707 4 1657 29 1757 47 1706 25 1708 73 
1708 4 1658 91 1758 48 1707 73 1709 17 
1709 4 1659 98 1759 48 1708 17 1710 62 
1710 4 1660 60 1760 78 1709 62 1711 52 
1711 4 1661 53 1761 19 1710 52 1712 17 
1712 4 1662 33 1762 99 1711 17 1713 41 
1713 4 1663 67 1763 38 1712 41 1714 69 
1714 4 1664 1 1764 17 1713 69 1715 67 
1715 4 1665 15 1765 50 1714 67 1716 97 
1716 4 1666 2 1766 22 1715 97 1717 49 
1717 4 1667 39 1767 6 1716 49 1718 70 
1718 4 1668 38 1768 67 1717 70 1719 97 
1719 4 1669 19 1769 52 1718 97 1720 78 
1720 4 1670 74 1770 76 1719 78 1721 6 
1721 4 1671 46 1771 27 1720 6 1722 54 
1722 4 1672 94 1772 31 1721 54 1723 73 
1723 4 1673 8 1773 26 1722 73 1724 30 
1724 4 1674 47 1774 89 1723 30 1725 73 
1725 4 1675 50 1775 44 1724 73 1726 19 
1726 4 1676 49 1776 77 1725 19 1727 62 
1727 4 1677 74 1777 87 1726 62 1728 27 
1728 4 1678 40 1778 2 1727 27 1729 24 
1729 4 1679 77 1779 95 1728 24 1730 71 
1730 4 1680 78 1780 90 1729 71 1731 97 
1731 4 1681 65 1781 19 1730 97 1732 63 
1732 4 1682 23 1782 97 1731 63 1733 25 
1733 4 1683 9 1783 33 1732 25 1734 64 
1734 4 1684 52 1784 21 1733 64 1735 36 
1735 4 1685 70 1785 41 1734 36 1736 48 
1736 4 1686 41 1786 93 1735 48 1737 19 
1737 4 1687 82 1787 1 1736 19 1738 23 
1738 4 1688 93 1788 44 1737 23 1739 26 
1739 4 1689 70 1789 5 1738 26 1740 84 
1740 4 1690 47 1790 51 1739 84 1741 48 
1741 4 1691 97 1791 2 1740 48 1742 79 
1742 4 1692 24 1792 9 1741 79 1743 88 
1743 4 1693 76 1793 5 1742 88 1744 63 
1744 4 1694 62 1794 63 1743 63 1745 52 
1745 4 1695 6 1795 33 1744 52 1746 52 
1746 4 1696 96 1796 48 1745 52 1747 3 
1747 4 1697 70 1797 67 1746 3 1748 44 
1748 4 1698 77 1798 27 1747 44 1749 51 
1749 4 1699 30 1799 59 1748 51 1750 99 
1750 4 1700 56 1749 99 1800 38 1701 66 
1751 4 1701 58 1752 51 1801 99 1800 96 
1752 4 1702 97 1802 30 1751 51 1753 70 
1753 4 1703 39 1803 99 1752 70 1754 5 
1754 4 1704 59 1804 13 1753 5 1755 77 
1755 4 1705 3 1805 9 1754 77 1756 48 
1756 4 1706 26 1806 79 1755 48 1757 56 
1757 4 1707 47 1807 50 1756 56 1758 9 
1758 4 1708 48 1808 64 1757 9 1759 37 
1759 4 1709 48 1809 65 1758 37 1760 78 
1760 4 1710 78 1810 52 1759 78 1761 16 
1761 4 1711 19 1811 10 1760 16 1762 55 
1762 4 1712 99 1812 15 1761 55 1763 13 
1763 4 1713 38 1813 21 1762 13 1764 11 
1764 4 1714 17 1814 91 1763 11 1765 71 
1765 4 1715 50 1815 69 1764 71 1766 42 
1766 4 1716 22 1816 8 1765 42 1767 72 
1767 4 1717 6 1817 40 1766 72 1768 90 
1768 4 1718 67 1818 41 1767 90 1769 90 
1769 4 1719 52 1819 94 1768 90 1770 5 
1770 4 1720 76 1820 18 1769 5 1771 54 
1771 4 1721 27 1821 52 1770 54 1772 48 
1772 4 1722 31 1822 9 1771 48 1773 53 
1773 4 1723 26 1823 56 1772 53 1774 24 
1774 4 1724 89 1824 42 1773 24 1775 73 
1775 4 1725 44 1825 2 1774 73 1776 93 
1776 4 1726 77 1826 40 1775 93 1777 63 
1777 4 1727 87 1827 47 1776 63 1778 55 
1778 4 1728 2 1828 27 1777 55 1779 20 
1779 4 1729 95 1829 17 1778 20 1780 70 
1780 4 1730 90 1830 90 1779 70 1781 85 
1781 4 1731 19 1831 11 1780 85 1782 50 
1782 4 1732 97 1832 56 1781 50 1783 2 
1783 4 1733 33 1833 91 1782 2 1784 48 
1784 4 1734 21 1834 43 1783 48 1785 84 
1785 4 1735 41 1835 4 1784 84 1786 13 
1786 4 1736 93 1836 89 1785 13 1787 8 
1787 4 1737 1 1837 12 1786 8 1788 97 
1788 4 1738 44 1838 12 1787 97 1789 20 
1789 4 1739 5 1839 72 1788 20 1790 53 
1790 4 1740 51 1840 92 1789 53 1791 25 
1791 4 1741 2 1841 97 1790 25 1792 31 
1792 4 1742 9 1842 88 1791 31 1793 44 
1793 4 1743 5 1843 37 1792 44 1794 66 
1794 4 1744 63 1844 63 1793 66 1795 53 
1795 4 1745 33 1845 35 1794 53 1796 4 
1796 4 1746 48 1846 90 1795 4 1797 97 
1797 4 1747 67 1847 5 1796 97 1798 97 
1798 4 1748 27 1848 98 1797 97 1799 95 
1799 4 1749 59 1849 97 1798 95 1800 93 
1800 4 1750 38 1799 93 1850 30 1751 96 
1801 4 1751 99 1802 100 1851 57 1850 28 
1802 4 1752 30 1852 18 1801 100 1803 59 
1803 4 1753 99 1853 68 1802 59 1804 66 
1804 4 1754 13 1854 23 1803 66 1805 87 
1805 4 1755 9 1855 38 1804 87 1806 75 
1806 4 1756 79 1856 78 1805 75 1807 62 
1807 4 1757 50 1857 72 1806 62 1808 9 
1808 4 1758 64 1858 1 1807 9 1809 67 
1809 4 1759 65 1859 97 1808 67 1810 67 
1810 4 1760 52 1860 81 1809 67 1811 50 
1811 4 1761 10 1861 1 1810 50 1812 36 
1812 4 1762 15 1862 39 1811 36 1813 98 
1813 4 1763 21 1863 41 1812 98 1814 35 
1814 4 1764 91 1864 47 1813 35 1815 87 
1815 4 1765 69 1865 31 1814 87 1816 91 
1816 4 1766 8 1866 17 1815 91 1817 83 
1817 4 1767 40 1867 47 1816 83 1818 86 
1818 4 1768 41 1868 93 1817 86 1819 15 
1819 4 1769 94 1869 52 1818 15 1820 15 
1820 4 1770 18 1870 53 1819 15 1821 41 
1821 4 1771 52 1871 42 1820 41 1822 31 
1822 4 1772 9 1872 54 1821 31 1823 65 
1823 4 1773 56 1873 91 1822 65 1824 55 
1824 4 1774 42 1874 31 1823 55 1825 87 
1825 4 1775 2 1875 73 1824 87 1826 63 
1826 4 1776 40 1876 88 1825 63 1827 73 
1827 4 1777 47 1877 98 1826 73 1828 26 
1828 4 1778 27 1878 22 1827 26 1829 90 
1829 4 1779 17 1879 61 1828 90 1830 21 
1830 4 1780 90 1880 77 1829 21 1831 43 
1831 4 1781 11 1881 11 1830 43 1832 93 
1832 4 1782 56 1882 25 1831 93 1833 10 
1833 4 1783 91 1883 30 1832 10 1834 70 
1834 4 1784 43 1884 76 1833 70 1835 81 
1835 4 1785 4 1885 84 1834 81 1836 28 
1836 4 1786 89 1886 21 1835 28 1837 25 
1837 4 1787 12 1887 10 1836 25 1838 75 
1838 4 1788 12 1888 89 1837 75 1839 100 
1839 4 1789 72 1889 81 1838 100 1840 71 
1840 4 1790 92 1890 39 1839 71 1841 53 
1841 4 1791 97 1891 33 1840 53 1842 26 
1842 4 1792 88 1892 77 1841 26 1843 83 
1843 4 1793 37 1893 52 1842 83 1844 99 
1844 4 1794 63 1894 72 1843 99 1845 64 
1845 4 1795 35 1895 71 1844 64 1846 48 
1846 4 1796 90 1896 58 1845 48 1847 33 
1847 4 1797 5 1897 92 1846 33 1848 35 
1848 4 1798 98 1898 42 1847 35 1849 22 
1849 4 1799 97 1899 4 1848 22 1850 17 
1850 4 1800 30 1849 17 1900 54 1801 28 
1851 4 1801 57 1852 39 1901 97 1900 73 
1852 4 1802 18 1902 27 1851 39 1853 64 
1853 4 1803 68 1903 6 1852 64 1854 53 
1854 4 1804 23 1904 4 1853 53 1855 58 
1855 4 1805 38 1905 33 1854 58 1856 27 
1856 4 1806 78 1906 96 1855 27 1857 37 
1857 4 1807 72 1907 59 1856 37 1858 21 
1858 4 1808 1 1908 13 1857 21 1859 93 
1859 4 1809 97 1909 24 1858 93 1860 63 
1860 4 1810 81 1910 65 1859 63 1861 39 
1861 4 1811 1 1911 33 1860 39 1862 64 
1862 4 1812 39 1912 49 1861 64 1863 66 
1863 4 1813 41 1913 8 1862 66 1864 83 
1864 4 1814 47 1914 59 1863 83 1865 29 
1865 4 1815 31 1915 38 1864 29 1866 28 
1866 4 1816 17 1916 34 1865 28 1867 76 
1867 4 1817 47 1917 24 1866 76 1868 60 
1868 4 1818 93 1918 91 1867 60 1869 29 
1869 4 1819 52 1919 12 1868 29 1870 47 
1870 4 1820 53 1920 86 1869 47 1871 96 
1871 4 1821 42 1921 73 1870 96 1872 33 
1872 4 1822 54 1922 32 1871 33 1873 83 
1873 4 1823 91 1923 6 1872 83 1874 97 
1874 4 1824 31 1924 76 1873 97 1875 29 
1875 4 1825 73 1925 59 1874 29 1876 40 
1876 4 1826 88 1926 20 1875 40 1877 44 
1877 4 1827 98 1927 55 1876 44 1878 68 
1878 4 1828 22 1928 61 1877 68 1879 62 
1879 4 1829 61 1929 2 1878 62 1880 71 
1880 4 1830 77 1930 42 1879 71 1881 39 
1881 4 1831 11 1931 98 1880 39 1882 76 
1882 4 1832 25 1932 14 1881 76 1883 21 
1883 4 1833 30 1933 87 1882 21 1884 57 
1884 4 1834 76 1934 2 1883 57 1885 99 
1885 4 1835 84 1935 3 1884 99 1886 39 
1886 4 1836 21 1936 46 1885 39 1887 75 
1887 4 1837 10 1937 24 1886 75 1888 30 
1888 4 1838 89 1938 57 1887 30 1889 29 
1889 4 1839 81 1939 26 1888 29 1890 32 
1890 4 1840 39 1940 9 1889 32 1891 36 
1891 4 1841 33 1941 23 1890 36 1892 80 
1892 4 1842 77 1942 31 1891 80 1893 78 
1893 4 1843 52 1943 47 1892 78 1894 91 
1894 4 1844 72 1944 91 1893 91 1895 48 
1895 4 1845 71 1945 14 1894 48 1896 33 
1896 4 1846 58 1946 38 1895 33 1897 11 
1897 4 1847 92 1947 8 1896 11 1898 52 
1898 4 1848 42 1948 84 1897 52 1899 94 
1899 4 1849 4 1949 8 1898 94 1900 37 
1900 4 1850 54 1899 37 1950 44 1851 73 
1901 4 1851 97 1902 10 1951 27 1950 90 
1902 4 1852 27 1952 90 1901 10 1903 36 
1903 4 1853 6 1953 50 1902 36 1904 19 
1904 4 1854 4 1954 92 1903 19 1905 78 
1905 4 1855 33 1955 96 1904 78 1906 24 
1906 4 1856 96 1956 39 1905 24 1907 31 
1907 4 1857 59 1957 98 1906 31 1908 18 
1908 4 1858 13 1958 14 1907 18 1909 75 
1909 4 1859 24 1959 17 1908 75 1910 56 
1910 4 1860 65 1960 66 1909 56 1911 16 
1911 4 1861 33 1961 69 1910 16 1912 50 
1912 4 1862 49 1962 54 1911 50 1913 80 
1913 4 1863 8 1963 57 1912 80 1914 57 
1914 4 1864 59 1964 15 1913 57 1915 2 
1915 4 1865 38 1965 16 1914 2 1916 51 
1916 4 1866 34 1966 98 1915 51 1917 77 
1917 4 1867 24 1967 77 1916 77 1918 39 
1918 4 1868 91 1968 12 1917 39 1919 27 
1919 4 1869 12 1969 9 1918 27 1920 3 
1920 4 1870 86 1970 56 1919 3 1921 4 
1921 4 1871 73 1971 78 1920 4 1922 94 
1922 4 1872 32 1972 86 1921 94 1923 76 
1923 4 1873 6 1973 12 1922 76 1924 99 
1924 4 1874 76 1974 2 1923 99 1925 28 
1925 4 1875 59 1975 7 1924 28 1926 19 
1926 4 1876 20 1976 43 1925 19 1927 75 
1927 4 1877 55 1977 68 1926 75 1928 48 
1928 4 1878 61 1978 54 1927 48 1929 24 
1929 4 1879 2 1979 4 1928 24 1930 68 
1930 4 1880 42 1980 78 1929 68 1931 19 
1931 4 1881 98 1981 70 1930 19 1932 27 
1932 4 1882 14 1982 95 1931 27 1933 47 
1933 4 1883 87 1983 65 1932 47 1934 6 
1934 4 1884 2 1984 25 1933 6 1935 73 
1935 4 1885 3 1985 61 1934 73 1936 80 
1936 4 1886 46 1986 28 1935 80 1937 38 
1937 4 1887 24 1987 26 1936 38 1938 65 
1938 4 1888 57 1988 65 1937 65 1939 37 
1939 4 1889 26 1989 16 1938 37 1940 67 
1940 4 1890 9 1990 16 1939 67 1941 22 
1941 4 1891 23 1991 85 1940 22 1942 10 
1942 4 1892 31 1992 96 1941 10 1943 53 
1943 4 1893 47 1993 58 1942 53 1944 2 
1944 4 1894 91 1994 28 1943 2 1945 61 
1945 4 1895 14 1995 21 1944 61 1946 57 
1946 4 1896 38 1996 32 1945 57 1947 91 
1947 4 1897 8 1997 83 1946 91 1948 26 
1948 4 1898 84 1998 89 1947 26 1949 47 
1949 4 1899 8 1999 84 1948 47 1950 13 
1950 4 1900 44 1949 13 2000 71 1901 90 
1951 4 1901 27 1952 44 2001 92 2000 3 
1952 4 1902 90 2002 50 1951 44 1953 33 
1953 4 1903 50 2003 17 1952 33 1954 67 
1954 4 1904 92 2004 98 1953 67 1955 5 
1955 4 1905 96 2005 82 1954 5 1956 64 
1956 4 1906 39 2006 72 1955 64 1957 55 
1957 4 1907 98 2007 100 1956 55 1958 82 
1958 4 1908 14 2008 2 1957 82 1959 52 
1959 4 1909 17 2009 91 1958 52 1960 3 
1960 4 1910 66 2010 32 1959 3 1961 3 
1961 4 1911 69 2011 76 1960 3 1962 88 
1962 4 1912 54 2012 34 1961 88 1963 66 
1963 4 1913 57 2013 71 1962 66 1964 12 
1964 4 1914 15 2014 6 1963 12 1965 69 
1965 4 1915 16 2015 47 1964 69 1966 18 
1966 4 1916 98 2016 92 1965 18 1967 90 
1967 4 1917 77 2017 61 1966 90 1968 93 
1968 4 1918 12 2018 74 1967 93 1969 30 
1969 4 1919 9 2019 59 1968 30 1970 71 
1970 4 1920 56 2020 34 1969 71 1971 92 
1971 4 1921 78 2021 86 1970 92 1972 58 
1972 4 1922 86 2022 98 1971 58 1973 38 
1973 4 1923 12 2023 91 1972 38 1974 100 
1974 4 1924 2 2024 89 1973 100 1975 81 
1975 4 1925 7 2025 54 1974 81 1976 72 
1976 4 1926 43 2026 35 1975 72 1977 29 
1977 4 1927 68 2027 60 1976 29 1978 21 
1978 4 1928 54 2028 46 1977 21 1979 82 
1979 4 1929 4 2029 84 1978 82 1980 51 
1980 4 1930 78 2030 2 1979 51 1981 30 
1981 4 1931 70 2031 20 1980 30 1982 93 
1982 4 1932 95 2032 71 1981 93 1983 81 
1983 4 1933 65 2033 38 1982 81 1984 44 
1984 4 1934 25 2034 10 1983 44 1985 48 
1985 4 1935 61 2035 67 1984 48 1986 95 
1986 4 1936 28 2036 40 1985 95 1987 4 
1987 4 1937 26 2037 4 1986 4 1988 89 
1988 4 1938 65 2038 41 1987 89 1989 94 
1989 4 1939 16 2039 88 1988 94 1990 82 
1990 4 1940 16 2040 26 1989 82 1991 42 
1991 4 1941 85 2041 53 1990 42 1992 13 
1992 4 1942 96 2042 22 1991 13 1993 64 
1993 4 1943 58 2043 33 1992 64 1994 68 
1994 4 1944 28 2044 45 1993 68 1995 16 
1995 4 1945 21 2045 70 1994 16 1996 47 
1996 4 1946 32 2046 45 1995 47 1997 90 
1997 4 1947 83 2047 91 1996 90 1998 15 
1998 4 1948 89 2048 22 1997 15 1999 28 
1999 4 1949 84 2049 10 1998 28 2000 31 
2000 4 1950 71 1999 31 2050 76 1951 3 
2001 4 1951 92 2002 76 2051 77 2050 90 
2002 4 1952 50 2052 67 2001 76 2003 32 
2003 4 1953 17 2053 81 2002 32 2004 55 
2004 4 1954 98 2054 72 2003 55 2005 26 
2005 4 1955 82 2055 43 2004 26 2006 5 
2006 4 1956 72 2056 4 2005 5 2007 36 
2007 4 1957 100 2057 58 2006 36 2008 16 
2008 4 1958 2 2058 57 2007 16 2009 73 
2009 4 1959 91 2059 48 2008 73 2010 76 
2010 4 1960 32 2060 18 2009 76 2011 15 
2011 4 1961 76 2061 46 2010 15 2012 64 
2012 4 1962 34 2062 59 2011 64 2013 87 
2013 4 1963 71 2063 54 2012 87 2014 25 
2014 4 1964 6 2064 8 2013 25 2015 82 
2015 4 1965 47 2065 34 2014 82 2016 90 
2016 4 1966 92 2066 9 2015 90 2017 62 
2017 4 1967 61 2067 18 2016 62 2018 75 
2018 4 1968 74 2068 93 2017 75 2019 50 
2019 4 1969 59 2069 29 2018 50 2020 16 
2020 4 1970 34 2070 76 2019 16 2021 23 
2021 4 1971 86 2071 73 2020 23 2022 31 
2022 4 1972 98 2072 58 2021 31 2023 82 
2023 4 1973 91 2073 46 2022 82 2024 67 
2024 4 1974 89 2074 54 2023 67 2025 93 
2025 4 1975 54 2075 42 2024 93 2026 71 
2026 4 1976 35 2076 59 2025 71 2027 39 
2027 4 1977 60 2077 86 2026 39 2028 17 
2028 4 1978 46 2078 25 2027 17 2029 40 
2029 4 1979 84 2079 93 2028 40 2030 84 
2030 4 1980 2 2080 73 2029 84 2031 78 
2031 4 1981 20 2081 73 2030 78 2032 33 
2032 4 1982 71 2082 39 2031 33 2033 43 
2033 4 1983 38 2083 7 2032 43 2034 83 
2034 4 1984 10 2084 92 2033 83 2035 87 
2035 4 1985 67 2085 51 2034 87 2036 19 
2036 4 1986 40 2086 10 2035 19 2037 23 
2037 4 1987 4 2087 49 2036 23 2038 19 
2038 4 1988 41 2088 56 2037 19 2039 46 
2039 4 1989 88 2089 85 2038 46 2040 9 
2040 4 1990 26 2090 90 2039 9 2041 79 
2041 4 1991 53 2091 80 2040 79 2042 48 
2042 4 1992 22 2092 17 2041 48 2043 65 
2043 4 1993 33 2093 16 2042 65 2044 94 
2044 4 1994 45 2094 56 2043 94 2045 8 
2045 4 1995 70 2095 77 2044 8 2046 80 
2046 4 1996 45 2096 86 2045 80 2047 2 
2047 4 1997 91 2097 12 2046 2 2048 76 
2048 4 1998 22 2098 96 2047 76 2049 70 
2049 4 1999 10 2099 11 2048 70 2050 87 
2050 4 2000 76 2049 87 2100 57 2001 90 
2051 4 2001 77 2052 13 2101 58 2100 6 
2052 4 2002 67 2102 18 2051 13 2053 87 
2053 4 2003 81 2103 58 2052 87 2054 36 
2054 4 2004 72 2104 42 2053 36 2055 4 
2055 4 2005 43 2105 73 2054 4 2056 50 
2056 4 2006 4 2106 93 2055 50 2057 51 
2057 4 2007 58 2107 81 2056 51 2058 41 
2058 4 2008 57 2108 19 2057 41 2059 98 
2059 4 2009 48 2109 56 2058 98 2060 12 
2060 4 2010 18 2110 5 2059 12 2061 16 
2061 4 2011 46 2111 41 2060 16 2062 85 
2062 4 2012 59 2112 1 2061 85 2063 94 
2063 4 2013 54 2113 48 2062 94 2064 28 
2064 4 2014 8 2114 89 2063 28 2065 18 
2065 4 2015 34 2115 38 2064 18 2066 75 
2066 4 2016 9 2116 74 2065 75 2067 2 
2067 4 2017 18 2117 84 2066 2 2068 91 
2068 4 2018 93 2118 88 2067 91 2069 42 
2069 4 2019 29 2119 78 2068 42 2070 29 
2070 4 2020 76 2120 97 2069 29 2071 2 
2071 4 2021 73 2121 31 2070 2 2072 89 
2072 4 2022 58 2122 4 2071 89 2073 11 
2073 4 2023 46 2123 81 2072 11 2074 23 
2074 4 2024 54 2124 60 2073 23 2075 37 
2075 4 2025 42 2125 86 2074 37 2076 65 
2076 4 2026 59 2126 4 2075 65 2077 78 
2077 4 2027 86 2127 1 2076 78 2078 56 
2078 4 2028 25 2128 71 2077 56 2079 48 
2079 4 2029 93 2129 83 2078 48 2080 59 
2080 4 2030 73 2130 65 2079 59 2081 73 
2081 4 2031 73 2131 86 2080 73 2082 38 
2082 4 2032 39 2132 74 2081 38 2083 69 
2083 4 2033 7 2133 80 2082 69 2084 62 
2084 4 2034 92 2134 62 2083 62 2085 10 
2085 4 2035 51 2135 90 2084 10 2086 58 
2086 4 2036 10 2136 11 2085 58 2087 20 
2087 4 2037 49 2137 47 2086 20 2088 67 
2088 4 2038 56 2138 83 2087 67 2089 79 
2089 4 2039 85 2139 89 2088 79 2090 42 
2090 4 2040 90 2140 67 2089 42 2091 26 
2091 4 2041 80 2141 58 2090 26 2092 70 
2092 4 2042 17 2142 4 2091 70 2093 58 
2093 4 2043 16 2143 25 2092 58 2094 26 
2094 4 2044 56 2144 6 2093 26 2095 8 
2095 4 2045 77 2145 85 2094 8 2096 70 
2096 4 2046 86 2146 32 2095 70 2097 70 
2097 4 2047 12 2147 60 2096 70 2098 5 
2098 4 2048 96 2148 90 2097 5 2099 91 
2099 4 2049 11 2149 66 2098 91 2100 52 
2100 4 2050 57 2099 52 2150 52 2051 6 
2101 4 2051 58 2102 8 2151 9 2150 18 
2102 4 2052 18 2152 63 2101 8 2103 79 
2103 4 2053 58 2153 7 2102 79 2104 29 
2104 4 2054 42 2154 61 2103 29 2105 86 
2105 4 2055 73 2155 69 2104 86 2106 55 
2106 4 2056 93 2156 52 2105 55 2107 46 
2107 4 2057 81 2157 12 2106 46 2108 22 
2108 4 2058 19 2158 1 2107 22 2109 70 
2109 4 2059 56 2159 46 2108 70 2110 27 
2110 4 2060 5 2160 27 2109 27 2111 5 
2111 4 2061 41 2161 63 2110 5 2112 96 
2112 4 2062 1 2162 36 2111 96 2113 32 
2113 4 2063 48 2163 7 2112 32 2114 41 
2114 4 2064 89 2164 21 2113 41 2115 50 
2115 4 2065 38 2165 58 2114 50 2116 24 
2116 4 2066 74 2166 1 2115 24 2117 17 
2117 4 2067 84 2167 33 2116 17 2118 15 
2118 4 2068 88 2168 96 2117 15 2119 91 
2119 4 2069 78 2169 43 2118 91 2120 8 
2120 4 2070 97 2170 76 2119 8 2121 63 
2121 4 2071 31 2171 14 2120 63 2122 80 
2122 4 2072 4 2172 61 2121 80 2123 78 
2123 4 2073 81 2173 1 2122 78 2124 61 
2124 4 2074 60 2174 47 2123 61 2125 98 
2125 4 2075 86 2175 39 2124 98 2126 25 
2126 4 2076 4 2176 55 2125 25 2127 1 
2127 4 2077 1 2177 72 2126 1 2128 90 
2128 4 2078 71 2178 32 2127 90 2129 79 
2129 4 2079 83 2179 82 2128 79 2130 5 
2130 4 2080 65 2180 80 2129 5 2131 92 
2131 4 2081 86 2181 28 2130 92 2132 80 
2132 4 2082 74 2182 8 2131 80 2133 12 
2133 4 2083 80 2183 95 2132 12 2134 55 
2134 4 2084 62 2184 3 2133 55 2135 89 
2135 4 2085 90 2185 15 2134 89 2136 30 
2136 4 2086 11 2186 4 2135 30 2137 80 
2137 4 2087 47 2187 9 2136 80 2138 64 
2138 4 2088 83 2188 57 2137 64 2139 61 
2139 4 2089 89 2189 76 2138 61 2140 55 
2140 4 2090 67 2190 11 2139 55 2141 15 
2141 4 2091 58 2191 79 2140 15 2142 65 
2142 4 2092 4 2192 15 2141 65 2143 51 
2143 4 2093 25 2193 54 2142 51 2144 99 
2144 4 2094 6 2194 81 2143 99 2145 88 
2145 4 2095 85 2195 55 2144 88 2146 60 
2146 4 2096 32 2196 79 2145 60 2147 34 
2147 4 2097 60 2197 39 2146 34 2148 38 
2148 4 2098 90 2198 46 2147 38 2149 85 
2149 4 2099 66 2199 45 2148 85 2150 100 
2150 4 2100 52 2149 100 2200 74 2101 18 
2151 4 2101 9 2152 59 2201 29 2200 60 
2152 4 2102 63 2202 29 2151 59 2153 38 
2153 4 2103 7 2203 90 2152 38 2154 92 
2154 4 2104 61 2204 47 2153 92 2155 50 
2155 4 2105 69 2205 19 2154 50 2156 1 
2156 4 2106 52 2206 60 2155 1 2157 33 
2157 4 2107 12 2207 80 2156 33 2158 24 
2158 4 2108 1 2208 100 2157 24 2159 30 
2159 4 2109 46 2209 30 2158 30 2160 98 
2160 4 2110 27 2210 10 2159 98 2161 17 
2161 4 2111 63 2211 4 2160 17 2162 21 
2162 4 2112 36 2212 47 2161 21 2163 37 
2163 4 2113 7 2213 59 2162 37 2164 84 
2164 4 2114 21 2214 34 2163 84 2165 96 
2165 4 2115 58 2215 28 2164 96 2166 33 
2166 4 2116 1 2216 21 2165 33 2167 38 
2167 4 2117 33 2217 14 2166 38 2168 49 
2168 4 2118 96 2218 28 2167 49 2169 3 
2169 4 2119 43 2219 92 2168 3 2170 74 
2170 4 2120 76 2220 4 2169 74 2171 10 
2171 4 2121 14 2221 26 2170 10 2172 64 
2172 4 2122 61 2222 43 2171 64 2173 5 
2173 4 2123 1 2223 39 2172 5 2174 94 
2174 4 2124 47 2224 86 2173 94 2175 20 
2175 4 2125 39 2225 43 2174 20 2176 47 
2176 4 2126 55 2226 88 2175 47 2177 46 
2177 4 2127 72 2227 67 2176 46 2178 34 
2178 4 2128 32 2228 82 2177 34 2179 78 
2179 4 2129 82 2229 70 2178 78 2180 16 
2180 4 2130 80 2230 73 2179 16 2181 49 
2181 4 2131 28 2231 100 2180 49 2182 93 
2182 4 2132 8 2232 39 2181 93 2183 13 
2183 4 2133 95 2233 41 2182 13 2184 66 
2184 4 2134 3 2234 15 2183 66 2185 32 
2185 4 2135 15 2235 91 2184 32 2186 71 
2186 4 2136 4 2236 93 2185 71 2187 16 
2187 4 2137 9 2237 34 2186 16 2188 87 
2188 4 2138 57 2238 73 2187 87 2189 24 
2189 4 2139 76 2239 80 2188 24 2190 58 
2190 4 2140 11 2240 96 2189 58 2191 22 
2191 4 2141 79 2241 5 2190 22 2192 83 
2192 4 2142 15 2242 19 2191 83 2193 23 
2193 4 2143 54 2243 69 2192 23 2194 53 
2194 4 2144 81 2244 100 2193 53 2195 90 
2195 4 2145 55 2245 20 2194 90 2196 72 
2196 4 2146 79 2246 90 2195 72 2197 19 
2197 4 2147 39 2247 16 2196 19 2198 28 
2198 4 2148 46 2248 84 2197 28 2199 56 
2199 4 2149 45 2249 45 2198 56 2200 50 
2200 4 2150 74 2199 50 2250 39 2151 60 
2201 4 2151 29 2202 35 2251 20 2250 87 
2202 4 2152 29 2252 84 2201 35 2203 3 
2203 4 2153 90 2253 5 2202 3 2204 70 
2204 4 2154 47 2254 75 2203 70 2205 29 
2205 4 2155 19 2255 50 2204 29 2206 84 
2206 4 2156 60 2256 24 2205 84 2207 23 
2207 4 2157 80 2257 40 2206 23 2208 58 
2208 4 2158 100 2258 94 2207 58 2209 63 
2209 4 2159 30 2259 26 2208 63 2210 46 
2210 4 2160 10 2260 14 2209 46 2211 67 
2211 4 2161 4 2261 65 2210 67 2212 38 
2212 4 2162 47 2262 57 2211 38 2213 35 
2213 4 2163 59 2263 53 2212 35 2214 84 
2214 4 2164 34 2264 18 2213 84 2215 61 
2215 4 2165 28 2265 81 2214 61 2216 68 
2216 4 2166 21 2266 51 2215 68 2217 67 
2217 4 2167 14 2267 87 2216 67 2218 34 
2218 4 2168 28 2268 69 2217 34 2219 92 
2219 4 2169 92 2269 4 2218 92 2220 95 
2220 4 2170 4 2270 72 2219 95 2221 5 
2221 4 2171 26 2271 79 2220 5 2222 47 
2222 4 2172 43 2272 79 2221 47 2223 18 
2223 4 2173 39 2273 56 2222 18 2224 72 
2224 4 2174 86 2274 80 2223 72 2225 34 
2225 4 2175 43 2275 69 2224 34 2226 94 
2226 4 2176 88 2276 100 2225 94 2227 85 
2227 4 2177 67 2277 83 2226 85 2228 56 
2228 4 2178 82 2278 20 2227 56 2229 35 
2229 4 2179 70 2279 92 2228 35 2230 89 
2230 4 2180 73 2280 95 2229 89 2231 72 
2231 4 2181 100 2281 8 2230 72 2232 98 
2232 4 2182 39 2282 90 2231 98 2233 95 
2233 4 2183 41 2283 31 2232 95 2234 59 
2234 4 2184 15 2284 38 2233 59 2235 86 
2235 4 2185 91 2285 5 2234 86 2236 61 
2236 4 2186 93 2286 90 2235 61 2237 83 
2237 4 2187 34 2287 59 2236 83 2238 21 
2238 4 2188 73 2288 1 2237 21 2239 14 
2239 4 2189 80 2289 92 2238 14 2240 32 
2240 4 2190 96 2290 47 2239 32 2241 13 
2241 4 2191 5 2291 77 2240 13 2242 47 
2242 4 2192 19 2292 97 2241 47 2243 59 
2243 4 2193 69 2293 54 2242 59 2244 68 
2244 4 2194 100 2294 46 2243 68 2245 45 
2245 4 2195 20 2295 57 2244 45 2246 92 
2246 4 2196 90 2296 68 2245 92 2247 64 
2247 4 2197 16 2297 89 2246 64 2248 10 
2248 4 2198 84 2298 10 2247 10 2249 20 
2249 4 2199 45 2299 20 2248 20 2250 99 
2250 4 2200 39 2249 99 2300 57 2201 87 
2251 4 2201 20 2252 24 2301 59 2300 11 
2252 4 2202 84 2302 99 2251 24 2253 7 
2253 4 2203 5 2303 17 2252 7 2254 19 
2254 4 2204 75 2304 59 2253 19 2255 83 
2255 4 2205 50 2305 62 2254 83 2256 42 
2256 4 2206 24 2306 29 2255 42 2257 74 
2257 4 2207 40 2307 19 2256 74 2258 27 
2258 4 2208 94 2308 71 2257 27 2259 29 
2259 4 2209 26 2309 81 2258 29 2260 38 
2260 4 2210 14 2310 74 2259 38 2261 77 
2261 4 2211 65 2311 46 2260 77 2262 66 
2262 4 2212 57 2312 97 2261 66 2263 10 
2263 4 2213 53 2313 54 2262 10 2264 6 
2264 4 2214 18 2314 71 2263 6 2265 25 
2265 4 2215 81 2315 25 2264 25 2266 70 
2266 4 2216 51 2316 34 2265 70 2267 48 
2267 4 2217 87 2317 28 2266 48 2268 32 
2268 4 2218 69 2318 6 2267 32 2269 97 
2269 4 2219 4 2319 50 2268 97 2270 64 
2270 4 2220 72 2320 79 2269 64 2271 11 
2271 4 2221 79 2321 58 2270 11 2272 59 
2272 4 2222 79 2322 37 2271 59 2273 76 
2273 4 2223 56 2323 86 2272 76 2274 59 
2274 4 2224 80 2324 4 2273 59 2275 66 
2275 4 2225 69 2325 48 2274 66 2276 30 
2276 4 2226 100 2326 42 2275 30 2277 94 
2277 4 2227 83 2327 95 2276 94 2278 38 
2278 4 2228 20 2328 55 2277 38 2279 100 
2279 4 2229 92 2329 95 2278 100 2280 25 
2280 4 2230 95 2330 77 2279 25 2281 19 
2281 4 2231 8 2331 46 2280 19 2282 10 
2282 4 2232 90 2332 19 2281 10 2283 26 
2283 4 2233 31 2333 93 2282 26 2284 24 
2284 4 2234 38 2334 22 2283 24 2285 42 
2285 4 2235 5 2335 40 2284 42 2286 52 
2286 4 2236 90 2336 4 2285 52 2287 97 
2287 4 2237 59 2337 10 2286 97 2288 92 
2288 4 2238 1 2338 24 2287 92 2289 95 
2289 4 2239 92 2339 50 2288 95 2290 79 
2290 4 2240 47 2340 12 2289 79 2291 98 
2291 4 2241 77 2341 60 2290 98 2292 54 
2292 4 2242 97 2342 91 2291 54 2293 54 
2293 4 2243 54 2343 43 2292 54 2294 97 
2294 4 2244 46 2344 6 2293 97 2295 90 
2295 4 2245 57 2345 73 2294 90 2296 34 
2296 4 2246 68 2346 8 2295 34 2297 19 
2297 4 2247 89 2347 95 2296 19 2298 78 
2298 4 2248 10 2348 44 2297 78 2299 87 
2299 4 2249 20 2349 54 2298 87 2300 17 
2300 4 2250 57 2299 17 2350 80 2251 11 
2301 4 2251 59 2302 93 2351 68 2350 29 
2302 4 2252 99 2352 83 2301 93 2303 41 
2303 4 2253 17 2353 29 2302 41 2304 75 
2304 4 2254 59 2354 16 2303 75 2305 24 
2305 4 2255 62 2355 76 2304 24 2306 46 
2306 4 2256 29 2356 35 2305 46 2307 73 
2307 4 2257 19 2357 6 2306 73 2308 40 
2308 4 2258 71 2358 15 2307 40 2309 11 
2309 4 2259 81 2359 35 2308 11 2310 11 
2310 4 2260 74 2360 16 2309 11 2311 24 
2311 4 2261 46 2361 36 2310 24 2312 1 
2312 4 2262 97 2362 83 2311 1 2313 54 
2313 4 2263 54 2363 95 2312 54 2314 61 
2314 4 2264 71 2364 97 2313 61 2315 33 
2315 4 2265 25 2365 14 2314 33 2316 13 
2316 4 2266 34 2366 12 2315 13 2317 58 
2317 4 2267 28 2367 32 2316 58 2318 95 
2318 4 2268 6 2368 50 2317 95 2319 60 
2319 4 2269 50 2369 21 2318 60 2320 17 
2320 4 2270 79 2370 35 2319 17 2321 96 
2321 4 2271 58 2371 62 2320 96 2322 22 
2322 4 2272 37 2372 21 2321 22 2323 67 
2323 4 2273 86 2373 13 2322 67 2324 87 
2324 4 2274 4 2374 78 2323 87 2325 47 
2325 4 2275 48 2375 50 2324 47 2326 45 
2326 4 2276 42 2376 22 2325 45 2327 85 
2327 4 2277 95 2377 46 2326 85 2328 57 
2328 4 2278 55 2378 38 2327 57 2329 92 
2329 4 2279 95 2379 17 2328 92 2330 86 
2330 4 2280 77 2380 25 2329 86 2331 82 
2331 4 2281 46 2381 50 2330 82 2332 88 
2332 4 2282 19 2382 91 2331 88 2333 81 
2333 4 2283 93 2383 82 2332 81 2334 92 
2334 4 2284 22 2384 92 2333 92 2335 54 
2335 4 2285 40 2385 8 2334 54 2336 27 
2336 4 2286 4 2386 2 2335 27 2337 69 
2337 4 2287 10 2387 48 2336 69 2338 74 
2338 4 2288 24 2388 88 2337 74 2339 12 
2339 4 2289 50 2389 60 2338 12 2340 65 
2340 4 2290 12 2390 11 2339 65 2341 9 
2341 4 2291 60 2391 61 2340 9 2342 32 
2342 4 2292 91 2392 45 2341 32 2343 58 
2343 4 2293 43 2393 88 2342 58 2344 34 
2344 4 2294 6 2394 50 2343 34 2345 56 
2345 4 2295 73 2395 19 2344 56 2346 26 
2346 4 2296 8 2396 89 2345 26 2347 68 
2347 4 2297 95 2397 13 2346 68 2348 79 
2348 4 2298 44 2398 100 2347 79 2349 47 
2349 4 2299 54 2399 70 2348 47 2350 92 
2350 4 2300 80 2349 92 2400 52 2301 29 
2351 4 2301 68 2352 29 2401 70 2400 86 
2352 4 2302 83 2402 5 2351 29 2353 98 
2353 4 2303 29 2403 69 2352 98 2354 78 
2354 4 2304 16 2404 85 2353 78 2355 80 
2355 4 2305 76 2405 90 2354 80 2356 1 
2356 4 2306 35 2406 90 2355 1 2357 50 
2357 4 2307 6 2407 61 2356 50 2358 74 
2358 4 2308 15 2408 95 2357 74 2359 19 
2359 4 2309 35 2409 13 2358 19 2360 28 
2360 4 2310 16 2410 20 2359 28 2361 21 
2361 4 2311 36 2411 47 2360 21 2362 97 
2362 4 2312 83 2412 9 2361 97 2363 66 
2363 4 2313 95 2413 61 2362 66 2364 40 
2364 4 2314 97 2414 18 2363 40 2365 7 
2365 4 2315 14 2415 61 2364 7 2366 9 
2366 4 2316 12 2416 11 2365 9 2367 90 
2367 4 2317 32 2417 30 2366 90 2368 15 
2368 4 2318 50 2418 39 2367 15 2369 98 
2369 4 2319 21 2419 93 2368 98 2370 75 
2370 4 2320 35 2420 29 2369 75 2371 82 
2371 4 2321 62 2421 75 2370 82 2372 19 
2372 4 2322 21 2422 31 2371 19 2373 87 
2373 4 2323 13 2423 44 2372 87 2374 77 
2374 4 2324 78 2424 57 2373 77 2375 56 
2375 4 2325 50 2425 5 2374 56 2376 28 
2376 4 2326 22 2426 28 2375 28 2377 3 
2377 4 2327 46 2427 76 2376 3 2378 37 
2378 4 2328 38 2428 20 2377 37 2379 37 
2379 4 2329 17 2429 28 2378 37 2380 37 
2380 4 2330 25 2430 95 2379 37 2381 88 
2381 4 2331 50 2431 45 2380 88 2382 5 
2382 4 2332 91 2432 77 2381 5 2383 74 
2383 4 2333 82 2433 20 2382 74 2384 67 
2384 4 2334 92 2434 23 2383 67 2385 64 
2385 4 2335 8 2435 41 2384 64 2386 52 
2386 4 2336 2 2436 97 2385 52 2387 67 
2387 4 2337 48 2437 22 2386 67 2388 79 
2388 4 2338 88 2438 6 2387 79 2389 65 
2389 4 2339 60 2439 56 2388 65 2390 62 
2390 4 2340 11 2440 72 2389 62 2391 12 
2391 4 2341 61 2441 42 2390 12 2392 100 
2392 4 2342 45 2442 14 2391 100 2393 17 
2393 4 2343 88 2443 88 2392 17 2394 33 
2394 4 2344 50 2444 5 2393 33 2395 15 
2395 4 2345 19 2445 22 2394 15 2396 100 
2396 4 2346 89 2446 2 2395 100 2397 66 
2397 4 2347 13 2447 56 2396 66 2398 31 
2398 4 2348 100 2448 92 2397 31 2399 27 
2399 4 2349 70 2449 97 2398 27 2400 66 
2400 4 2350 52 2399 66 2450 90 2351 86 
2401 4 2351 70 2402 38 2451 17 2450 31 
2402 4 2352 5 2452 38 2401 38 2403 4 
2403 4 2353 69 2453 90 2402 4 2404 17 
2404 4 2354 85 2454 9 2403 17 2405 6 
2405 4 2355 90 2455 24 2404 6 2406 23 
2406 4 2356 90 2456 78 2405 23 2407 87 
2407 4 2357 61 2457 16 2406 87 2408 29 
2408 4 2358 95 2458 52 2407 29 2409 84 
2409 4 2359 13 2459 16 2408 84 2410 84 
2410 4 2360 20 2460 89 2409 84 2411 30 
2411 4 2361 47 2461 57 2410 30 2412 40 
2412 4 2362 9 2462 83 2411 40 2413 23 
2413 4 2363 61 2463 95 2412 23 2414 13 
2414 4 2364 18 2464 66 2413 13 2415 22 
2415 4 2365 61 2465 10 2414 22 2416 83 
2416 4 2366 11 2466 63 2415 83 2417 47 
2417 4 2367 30 2467 52 2416 47 2418 1 
2418 4 2368 39 2468 2 2417 1 2419 41 
2419 4 2369 93 2469 69 2418 41 2420 63 
2420 4 2370 29 2470 47 2419 63 2421 44 
2421 4 2371 75 2471 37 2420 44 2422 76 
2422 4 2372 31 2472 30 2421 76 2423 4 
2423 4 2373 44 2473 4 2422 4 2424 81 
2424 4 2374 57 2474 87 2423 81 2425 19 
2425 4 2375 5 2475 16 2424 19 2426 27 
2426 4 2376 28 2476 100 2425 27 2427 73 
2427 4 2377 76 2477 66 2426 73 2428 82 
2428 4 2378 20 2478 47 2427 82 2429 61 
2429 4 2379 28 2479 95 2428 61 2430 64 
2430 4 2380 95 2480 82 2429 64 2431 56 
2431 4 2381 45 2481 46 2430 56 2432 44 
2432 4 2382 77 2482 54 2431 44 2433 97 
2433 4 2383 20 2483 96 2432 97 2434 55 
2434 4 2384 23 2484 90 2433 55 2435 64 
2435 4 2385 41 2485 69 2434 64 2436 36 
2436 4 2386 97 2486 59 2435 36 2437 57 
2437 4 2387 22 2487 11 2436 57 2438 88 
2438 4 2388 6 2488 60 2437 88 2439 66 
2439 4 2389 56 2489 68 2438 66 2440 47 
2440 4 2390 72 2490 84 2439 47 2441 84 
2441 4 2391 42 2491 73 2440 84 2442 35 
2442 4 2392 14 2492 8 2441 35 2443 39 
2443 4 2393 88 2493 16 2442 39 2444 54 
2444 4 2394 5 2494 51 2443 54 2445 10 
2445 4 2395 22 2495 17 2444 10 2446 84 
2446 4 2396 2 2496 65 2445 84 2447 62 
2447 4 2397 56 2497 79 2446 62 2448 70 
2448 4 2398 92 2498 11 2447 70 2449 75 
2449 4 2399 97 2499 25 2448 75 2450 100 
2450 4 2400 90 2449 100 2500 90 2401 31 
2451 3 2401 17 2452 45 2500 86 
2452 3 2402 38 2451 45 2453 35 
2453 3 2403 90 2452 35 2454 49 
2454 3 2404 9 2453 49 2455 2 
2455 3 2405 24 2454 2 2456 97 
2456 3 2406 78 2455 97 2457 36 
2457 3 2407 16 2456 36 2458 61 
2458 3 2408 52 2457 61 2459 62 
2459 3 2409 16 2458 62 2460 56 
2460 3 2410 89 2459 56 2461 59 
2461 3 2411 57 2460 59 2462 97 
2462 3 2412 83 2461 97 2463 91 
2463 3 2413 95 2462 91 2464 32 
2464 3 2414 66 2463 32 2465 31 
2465 3 2415 10 2464 31 2466 98 
2466 3 2416 63 2465 98 2467 22 
2467 3 2417 52 2466 22 2468 98 
2468 3 2418 2 2467 98 2469 51 
2469 3 2419 69 2468 51 2470 24 
2470 3 2420 47 2469 24 2471 60 
2471 3 2421 37 2470 60 2472 19 
2472 3 2422 30 2471 19 2473 7 
2473 3 2423 4 2472 7 2474 76 
2474 3 2424 87 2473 76 2475 32 
2475 3 2425 16 2474 32 2476 85 
2476 3 2426 100 2475 85 2477 46 
2477 3 2427 66 2476 46 2478 42 
2478 3 2428 47 2477 42 2479 11 
2479 3 2429 95 2478 11 2480 70 
2480 3 2430 82 2479 70 2481 41 
2481 3 2431 46 2480 41 2482 1 
2482 3 2432 54 2481 1 2483 66 
2483 3 2433 96 2482 66 2484 27 
2484 3 2434 90 2483 27 2485 1 
2485 3 2435 69 2484 1 2486 67 
2486 3 2436 59 2485 67 2487 75 
2487 3 2437 11 2486 75 2488 36 
2488 3 2438 60 2487 36 2489 28 
2489 3 2439 68 2488 28 2490 88 
2490 3 2440 84 2489 88 2491 43 
2491 3 2441 73 2490 43 2492 38 
2492 3 2442 8 2491 38 2493 84 
2493 3 2443 16 2492 84 2494 33 
2494 3 2444 51 2493 33 2495 69 
2495 3 2445 17 2494 69 2496 66 
2496 3 2446 65 2495 66 2497 30 
2497 3 2447 79 2496 30 2498 42 
2498 3 2448 11 2497 42 2499 64 
2499 3 2449 25 2498 64 2500 32 
2500 3 2499 32 2450 90 2451 86 
