1 : 0 2147483647
2 : 3 293
3 : 4 215
4 : 5 199
5 : 55 163
6 : 56 173
7 : 8 182
8 : 58 154
9 : 10 136
10 : 11 109
11 : 61 82
12 : 11 119
13 : 12 188
14 : 64 201
15 : 14 232
16 : 15 256
17 : 16 292
18 : 17 295
19 : 18 354
20 : 19 422
21 : 20 479
22 : 72 519
23 : 2473 574
24 : 2474 562
25 : 24 600
26 : 25 625
27 : 26 696
28 : 27 723
29 : 2479 765
30 : 29 839
31 : 81 833
32 : 31 915
33 : 32 941
34 : 33 969
35 : 85 968
36 : 86 978
37 : 38 958
38 : 39 862
39 : 40 816
40 : 41 748
41 : 42 683
42 : 43 632
43 : 44 623
44 : 94 544
45 : 95 587
46 : 96 543
47 : 48 464
48 : 49 403
49 : 99 334
50 : 49 347
51 : 101 306
52 : 102 258
53 : 103 192
54 : 55 115
55 : 56 113
56 : 106 110
57 : 107 140
58 : 108 90
59 : 109 105
60 : 110 66
61 : 111 70
62 : 61 90
63 : 62 120
64 : 63 138
65 : 64 210
66 : 116 257
67 : 66 285
68 : 67 342
69 : 68 396
70 : 120 433
71 : 121 472
72 : 71 497
73 : 123 557
74 : 73 587
75 : 74 607
76 : 26 639
77 : 76 655
78 : 77 705
79 : 78 729
80 : 79 775
81 : 80 827
82 : 81 883
83 : 133 961
84 : 134 947
85 : 86 954
86 : 87 953
87 : 88 888
88 : 89 873
89 : 90 816
90 : 91 724
91 : 92 658
92 : 93 621
93 : 94 569
94 : 95 540
95 : 96 532
96 : 97 510
97 : 98 414
98 : 148 376
99 : 100 307
100 : 101 278
101 : 151 266
102 : 103 187
103 : 104 157
104 : 105 113
105 : 106 99
106 : 107 92
107 : 157 87
108 : 109 88
109 : 110 18
110 : 0 0
111 : 110 25
112 : 111 96
113 : 63 152
114 : 164 196
115 : 114 241
116 : 115 247
117 : 116 302
118 : 117 372
119 : 169 415
120 : 170 426
121 : 171 452
122 : 121 501
123 : 122 524
124 : 74 591
125 : 124 638
126 : 76 648
127 : 126 660
128 : 127 666
129 : 128 728
130 : 129 807
131 : 130 828
132 : 131 873
133 : 132 896
134 : 133 905
135 : 136 948
136 : 186 923
137 : 138 886
138 : 139 885
139 : 140 832
140 : 90 752
141 : 91 718
142 : 92 654
143 : 93 607
144 : 194 612
145 : 195 575
146 : 147 500
147 : 148 400
148 : 149 340
149 : 99 326
150 : 151 264
151 : 102 237
152 : 153 247
153 : 103 162
154 : 155 176
155 : 156 133
156 : 157 125
157 : 158 68
158 : 159 49
159 : 109 36
160 : 161 79
161 : 111 69
162 : 161 80
163 : 162 168
164 : 163 170
165 : 164 243
166 : 116 287
167 : 217 333
168 : 167 338
169 : 168 350
170 : 169 418
171 : 170 447
172 : 171 498
173 : 123 553
174 : 173 578
175 : 174 648
176 : 126 671
177 : 127 671
178 : 128 668
179 : 178 719
180 : 179 805
181 : 131 865
182 : 132 900
183 : 182 914
184 : 134 922
185 : 235 935
186 : 236 885
187 : 237 862
188 : 189 853
189 : 190 848
190 : 191 778
191 : 192 701
192 : 193 645
193 : 194 602
194 : 195 517
195 : 196 511
196 : 197 443
197 : 198 429
198 : 199 374
199 : 200 314
200 : 201 311
201 : 151 304
202 : 203 275
203 : 153 253
204 : 205 243
205 : 155 170
206 : 156 171
207 : 208 143
208 : 209 89
209 : 159 85
210 : 209 119
211 : 161 106
212 : 162 123
213 : 163 175
214 : 213 176
215 : 214 265
216 : 166 307
217 : 216 311
218 : 217 375
219 : 169 391
220 : 170 424
221 : 171 475
222 : 221 551
223 : 173 574
224 : 174 601
225 : 224 616
226 : 225 677
227 : 226 706
228 : 178 741
229 : 179 745
230 : 180 828
231 : 181 906
232 : 282 905
233 : 232 934
234 : 233 935
235 : 236 925
236 : 237 865
237 : 238 829
238 : 239 789
239 : 240 773
240 : 290 768
241 : 242 742
242 : 243 656
243 : 293 612
244 : 245 537
245 : 246 498
246 : 196 448
247 : 248 481
248 : 249 388
249 : 250 344
250 : 200 314
251 : 202 325
252 : 253 297
253 : 254 255
254 : 255 222
255 : 205 179
256 : 255 197
257 : 258 148
258 : 208 138
259 : 209 119
260 : 210 168
261 : 211 161
262 : 212 170
263 : 213 205
264 : 214 223
265 : 264 282
266 : 316 344
267 : 217 345
268 : 318 427
269 : 268 480
270 : 220 450
271 : 270 541
272 : 271 612
273 : 223 604
274 : 224 662
275 : 225 638
276 : 226 682
277 : 227 734
278 : 328 767
279 : 229 748
280 : 279 818
281 : 280 893
282 : 332 902
283 : 282 936
284 : 334 963
285 : 286 950
286 : 287 865
287 : 337 847
288 : 289 797
289 : 339 759
290 : 291 738
291 : 292 719
292 : 293 635
293 : 294 576
294 : 244 538
295 : 296 560
296 : 297 481
297 : 298 466
298 : 348 436
299 : 249 389
300 : 350 394
301 : 251 366
302 : 303 316
303 : 253 282
304 : 254 284
305 : 306 239
306 : 256 221
307 : 257 230
308 : 258 229
309 : 259 216
310 : 260 246
311 : 261 252
312 : 262 195
313 : 263 220
314 : 264 229
315 : 265 295
316 : 315 343
317 : 267 372
318 : 317 410
319 : 318 465
320 : 270 497
321 : 320 579
322 : 321 596
323 : 322 628
324 : 374 659
325 : 275 651
326 : 325 670
327 : 326 741
328 : 327 754
329 : 279 759
330 : 329 796
331 : 330 873
332 : 331 881
333 : 332 939
334 : 335 924
335 : 336 896
336 : 337 859
337 : 387 840
338 : 339 798
339 : 340 753
340 : 390 747
341 : 342 704
342 : 392 648
343 : 293 650
344 : 345 568
345 : 346 562
346 : 296 539
347 : 348 529
348 : 349 435
349 : 299 408
350 : 351 368
351 : 302 324
352 : 302 374
353 : 303 364
354 : 304 343
355 : 356 281
356 : 306 261
357 : 356 294
358 : 359 300
359 : 309 264
360 : 310 309
361 : 362 316
362 : 312 287
363 : 313 236
364 : 363 255
365 : 364 292
366 : 365 348
367 : 317 394
368 : 367 399
369 : 368 461
370 : 320 523
371 : 421 588
372 : 322 599
373 : 372 650
374 : 373 654
375 : 374 661
376 : 426 690
377 : 376 711
378 : 377 738
379 : 378 816
380 : 330 801
381 : 380 862
382 : 381 918
383 : 382 937
384 : 334 936
385 : 386 941
386 : 387 919
387 : 388 834
388 : 389 806
389 : 339 765
390 : 391 712
391 : 392 681
392 : 393 633
393 : 394 602
394 : 344 587
395 : 396 576
396 : 397 551
397 : 398 515
398 : 348 510
399 : 349 502
400 : 350 422
401 : 351 399
402 : 352 388
403 : 404 411
404 : 405 369
405 : 406 345
406 : 356 272
407 : 406 327
408 : 358 347
409 : 359 302
410 : 360 363
411 : 412 303
412 : 413 301
413 : 363 247
414 : 413 255
415 : 414 284
416 : 466 338
417 : 467 366
418 : 417 401
419 : 418 493
420 : 470 530
421 : 420 583
422 : 372 605
423 : 422 612
424 : 423 629
425 : 424 639
426 : 425 640
427 : 426 650
428 : 427 732
429 : 428 771
430 : 429 798
431 : 430 846
432 : 431 934
433 : 383 949
434 : 384 969
435 : 436 997
436 : 437 906
437 : 438 855
438 : 388 841
439 : 440 848
440 : 441 766
441 : 391 745
442 : 392 684
443 : 393 676
444 : 445 629
445 : 395 624
446 : 396 634
447 : 397 548
448 : 449 528
449 : 450 521
450 : 400 463
451 : 402 411
452 : 402 451
453 : 454 495
454 : 404 418
455 : 405 370
456 : 406 295
457 : 407 363
458 : 408 405
459 : 409 350
460 : 459 362
461 : 411 322
462 : 412 305
463 : 413 281
464 : 465 312
465 : 415 291
466 : 465 317
467 : 466 357
468 : 518 436
469 : 519 470
470 : 469 514
471 : 470 543
472 : 471 565
473 : 472 621
474 : 473 647
475 : 425 679
476 : 426 719
477 : 427 704
478 : 428 747
479 : 478 845
480 : 430 866
481 : 431 870
482 : 532 911
483 : 482 940
484 : 483 1039
485 : 486 1039
486 : 436 961
487 : 437 887
488 : 438 899
489 : 490 870
490 : 440 770
491 : 492 746
492 : 493 728
493 : 443 692
494 : 444 655
495 : 496 616
496 : 497 610
497 : 447 581
498 : 497 610
499 : 449 537
500 : 450 472
501 : 452 469
502 : 503 537
503 : 504 491
504 : 505 393
505 : 455 380
506 : 456 328
507 : 457 385
508 : 507 425
509 : 459 433
510 : 460 448
511 : 512 401
512 : 513 338
513 : 463 296
514 : 464 329
515 : 465 384
516 : 466 346
517 : 467 383
518 : 517 399
519 : 518 451
520 : 570 535
521 : 571 583
522 : 472 576
523 : 522 636
524 : 474 663
525 : 475 717
526 : 476 728
527 : 477 788
528 : 478 805
529 : 579 843
530 : 529 905
531 : 581 899
532 : 531 900
533 : 532 939
534 : 533 1004
535 : 536 1029
536 : 537 1024
537 : 538 944
538 : 488 931
539 : 540 899
540 : 490 828
541 : 491 799
542 : 492 770
543 : 593 751
544 : 494 740
545 : 495 693
546 : 496 677
547 : 497 636
548 : 498 619
549 : 550 560
550 : 500 528
551 : 501 544
552 : 502 538
553 : 554 491
554 : 504 477
555 : 556 406
556 : 506 350
557 : 507 420
558 : 508 460
559 : 609 489
560 : 561 495
561 : 562 436
562 : 563 395
563 : 513 313
564 : 514 380
565 : 566 419
566 : 516 364
567 : 566 429
568 : 518 406
569 : 568 426
570 : 569 471
571 : 570 510
572 : 571 587
573 : 572 607
574 : 573 651
575 : 574 708
576 : 526 770
577 : 576 782
578 : 577 795
579 : 578 825
580 : 630 883
581 : 580 886
582 : 581 894
583 : 582 911
584 : 583 989
585 : 584 1062
586 : 587 1012
587 : 537 986
588 : 589 955
589 : 539 936
590 : 540 885
591 : 541 860
592 : 542 785
593 : 594 736
594 : 644 705
595 : 596 726
596 : 597 665
597 : 647 640
598 : 599 573
599 : 549 570
600 : 550 602
601 : 552 554
602 : 652 590
603 : 604 550
604 : 605 511
605 : 606 417
606 : 556 406
607 : 606 412
608 : 607 426
609 : 608 465
610 : 609 487
611 : 561 514
612 : 562 441
613 : 563 375
614 : 613 400
615 : 565 420
616 : 566 440
617 : 567 472
618 : 568 466
619 : 618 500
620 : 570 541
621 : 571 562
622 : 621 662
623 : 573 641
624 : 574 656
625 : 624 743
626 : 676 772
627 : 577 850
628 : 627 862
629 : 579 828
630 : 629 851
631 : 630 925
632 : 582 913
633 : 632 968
634 : 633 993
635 : 636 1019
636 : 637 1000
637 : 638 987
638 : 639 981
639 : 640 947
640 : 590 912
641 : 642 900
642 : 643 812
643 : 593 742
644 : 694 675
645 : 644 713
646 : 647 626
647 : 648 620
648 : 598 615
649 : 599 581
650 : 649 585
651 : 602 608
652 : 653 581
653 : 654 558
654 : 655 478
655 : 605 449
656 : 606 427
657 : 656 473
658 : 608 518
659 : 609 536
660 : 610 555
661 : 662 577
662 : 663 482
663 : 613 475
664 : 614 489
665 : 666 494
666 : 616 473
667 : 617 483
668 : 618 497
669 : 668 535
670 : 669 620
671 : 621 612
672 : 671 630
673 : 672 696
674 : 624 687
675 : 674 733
676 : 675 756
677 : 676 852
678 : 628 897
679 : 629 916
680 : 630 939
681 : 680 965
682 : 632 956
683 : 633 1013
684 : 634 1033
685 : 684 1046
686 : 736 1008
687 : 737 994
688 : 638 986
689 : 690 969
690 : 740 900
691 : 741 865
692 : 693 827
693 : 694 763
694 : 695 672
695 : 696 669
696 : 646 637
697 : 647 681
698 : 648 627
699 : 649 611
700 : 650 602
701 : 651 630
702 : 652 587
703 : 704 590
704 : 705 531
705 : 706 474
706 : 656 428
707 : 706 475
708 : 707 487
709 : 708 491
710 : 709 517
711 : 710 534
712 : 662 519
713 : 663 483
714 : 664 507
715 : 665 516
716 : 715 536
717 : 718 554
718 : 668 521
719 : 669 569
720 : 719 623
721 : 671 644
722 : 672 640
723 : 722 678
724 : 723 755
725 : 675 829
726 : 676 828
727 : 777 854
728 : 678 899
729 : 728 939
730 : 729 975
731 : 781 1001
732 : 682 1048
733 : 683 1041
734 : 735 1043
735 : 785 1003
736 : 737 983
737 : 787 980
738 : 739 930
739 : 789 882
740 : 741 884
741 : 742 822
742 : 743 790
743 : 793 761
744 : 694 712
745 : 695 683
746 : 696 666
747 : 697 686
748 : 698 674
749 : 699 650
750 : 749 671
751 : 701 652
752 : 702 614
753 : 703 625
754 : 755 538
755 : 705 527
756 : 706 501
757 : 707 515
758 : 757 541
759 : 709 553
760 : 710 560
761 : 711 574
762 : 712 564
763 : 713 514
764 : 763 574
765 : 715 574
766 : 716 597
767 : 766 601
768 : 718 598
769 : 719 660
770 : 720 659
771 : 770 666
772 : 771 670
773 : 723 749
774 : 724 796
775 : 774 830
776 : 726 829
777 : 776 844
778 : 828 939
779 : 829 982
780 : 730 980
781 : 780 994
782 : 781 1029
783 : 782 1044
784 : 734 1074
785 : 786 998
786 : 787 971
787 : 788 954
788 : 789 884
789 : 790 874
790 : 791 858
791 : 792 824
792 : 793 747
793 : 794 733
794 : 744 732
795 : 745 765
796 : 746 735
797 : 747 726
798 : 748 713
799 : 800 700
800 : 801 659
801 : 752 632
802 : 803 643
803 : 804 577
804 : 805 542
805 : 755 533
806 : 756 544
807 : 757 614
808 : 758 614
809 : 759 607
810 : 809 642
811 : 761 622
812 : 813 552
813 : 763 527
814 : 813 593
815 : 814 610
816 : 766 630
817 : 818 609
818 : 768 606
819 : 818 667
820 : 770 721
821 : 771 701
822 : 772 696
823 : 822 732
824 : 823 795
825 : 775 846
826 : 825 910
827 : 826 922
828 : 827 938
829 : 828 973
830 : 780 1030
831 : 781 1074
832 : 782 1046
833 : 834 1126
834 : 835 1112
835 : 785 1029
836 : 837 1023
837 : 787 984
838 : 788 937
839 : 840 936
840 : 841 867
841 : 791 853
842 : 792 795
843 : 793 760
844 : 794 795
845 : 795 795
846 : 796 736
847 : 846 777
848 : 798 789
849 : 799 745
850 : 800 680
851 : 801 651
852 : 853 623
853 : 854 608
854 : 804 589
855 : 805 587
856 : 806 548
857 : 856 646
858 : 808 649
859 : 809 618
860 : 861 671
861 : 811 638
862 : 812 649
863 : 813 610
864 : 814 645
865 : 815 672
866 : 816 668
867 : 817 671
868 : 818 688
869 : 868 755
870 : 820 742
871 : 872 746
872 : 822 725
873 : 872 730
874 : 873 814
875 : 874 836
876 : 926 902
877 : 827 923
878 : 877 952
879 : 829 1006
880 : 930 1078
881 : 831 1108
882 : 832 1127
883 : 882 1144
884 : 885 1167
885 : 835 1074
886 : 836 1047
887 : 837 1036
888 : 838 1011
889 : 839 1002
890 : 840 949
891 : 941 907
892 : 942 852
893 : 843 775
894 : 893 849
895 : 845 803
896 : 846 828
897 : 847 789
898 : 899 778
899 : 900 768
900 : 850 720
901 : 851 672
902 : 852 695
903 : 853 680
904 : 905 669
905 : 906 630
906 : 856 616
907 : 857 647
908 : 909 714
909 : 859 652
910 : 911 698
911 : 912 674
912 : 862 673
913 : 912 674
914 : 864 675
915 : 914 680
916 : 866 709
917 : 867 715
918 : 868 728
919 : 918 765
920 : 870 796
921 : 871 799
922 : 872 783
923 : 873 818
924 : 923 839
925 : 875 863
926 : 925 896
927 : 926 901
928 : 927 960
929 : 928 988
930 : 929 1057
931 : 930 1127
932 : 931 1169
933 : 934 1094
934 : 935 1088
935 : 885 1086
936 : 886 1101
937 : 887 1045
938 : 988 1017
939 : 940 956
940 : 941 955
941 : 942 897
942 : 943 848
943 : 893 830
944 : 945 897
945 : 895 827
946 : 947 851
947 : 897 832
948 : 898 791
949 : 950 764
950 : 951 709
951 : 902 701
952 : 953 724
953 : 903 723
954 : 904 671
955 : 954 692
956 : 906 675
957 : 907 670
958 : 957 754
959 : 909 743
960 : 961 742
961 : 911 678
962 : 912 694
963 : 913 717
964 : 914 688
965 : 915 688
966 : 916 768
967 : 968 796
968 : 918 787
969 : 968 790
970 : 920 823
971 : 921 873
972 : 973 843
973 : 923 840
974 : 924 849
975 : 925 864
976 : 975 905
977 : 927 935
978 : 977 992
979 : 929 999
980 : 1030 1037
981 : 980 1120
982 : 983 1158
983 : 984 1120
984 : 934 1099
985 : 1035 1095
986 : 985 1110
987 : 1037 1040
988 : 989 978
989 : 939 962
990 : 1040 1000
991 : 992 930
992 : 993 875
993 : 943 838
994 : 1044 918
995 : 945 866
996 : 995 890
997 : 998 877
998 : 999 807
999 : 1000 746
1000 : 950 743
1001 : 951 745
1002 : 952 775
1003 : 953 745
1004 : 1005 719
1005 : 1006 712
1006 : 956 710
1007 : 957 696
1008 : 1007 762
1009 : 959 786
1010 : 1011 734
1011 : 961 699
1012 : 1011 736
1013 : 1012 743
1014 : 964 719
1015 : 965 723
1016 : 966 777
1017 : 1018 841
1018 : 968 832
1019 : 969 836
1020 : 970 846
1021 : 971 899
1022 : 972 879
1023 : 1073 918
1024 : 1025 936
1025 : 975 895
1026 : 976 955
1027 : 977 948
1028 : 1027 951
1029 : 1028 982
1030 : 1029 1008
1031 : 1081 1095
1032 : 1031 1157
1033 : 1032 1192
1034 : 1035 1125
1035 : 1036 1089
1036 : 1037 1037
1037 : 1038 1016
1038 : 988 1015
1039 : 989 980
1040 : 1041 946
1041 : 1042 931
1042 : 1043 902
1043 : 993 849
1044 : 1043 875
1045 : 1044 909
1046 : 1047 920
1047 : 1048 870
1048 : 998 818
1049 : 999 837
1050 : 1051 792
1051 : 1001 762
1052 : 1053 795
1053 : 1054 766
1054 : 1004 737
1055 : 1054 751
1056 : 1006 722
1057 : 1007 775
1058 : 1008 840
1059 : 1060 828
1060 : 1061 743
1061 : 1011 733
1062 : 1061 734
1063 : 1064 772
1064 : 1014 736
1065 : 1015 763
1066 : 1065 790
1067 : 1066 853
1068 : 1018 900
1069 : 1019 903
1070 : 1020 882
1071 : 1072 911
1072 : 1022 899
1073 : 1072 905
1074 : 1073 942
1075 : 1025 913
1076 : 1075 979
1077 : 1027 980
1078 : 1028 960
1079 : 1078 968
1080 : 1079 1045
1081 : 1080 1047
1082 : 1081 1108
1083 : 1133 1185
1084 : 1034 1189
1085 : 1086 1100
1086 : 1087 1041
1087 : 1088 986
1088 : 1089 978
1089 : 1090 950
1090 : 1040 948
1091 : 1092 980
1092 : 1042 919
1093 : 1043 932
1094 : 1095 925
1095 : 1045 912
1096 : 1046 944
1097 : 1098 883
1098 : 1048 854
1099 : 1100 818
1100 : 1101 807
1101 : 1051 765
1102 : 1052 845
1103 : 1053 866
1104 : 1054 827
1105 : 1106 798
1106 : 1056 789
1107 : 1106 794
1108 : 1107 890
1109 : 1110 880
1110 : 1060 815
1111 : 1061 772
1112 : 1111 783
1113 : 1112 822
1114 : 1064 812
1115 : 1114 839
1116 : 1066 841
1117 : 1067 882
1118 : 1117 889
1119 : 1118 946
1120 : 1070 927
1121 : 1171 966
1122 : 1072 977
1123 : 1073 963
1124 : 1074 985
1125 : 1075 986
1126 : 1125 992
1127 : 1077 1046
1128 : 1078 1010
1129 : 1079 1036
1130 : 1080 1104
1131 : 1081 1050
1132 : 1131 1144
1133 : 1132 1146
1134 : 1135 1186
1135 : 1085 1134
1136 : 1086 1072
1137 : 1087 1056
1138 : 1088 1038
1139 : 1140 992
1140 : 1090 962
1141 : 1142 999
1142 : 1092 949
1143 : 1142 951
1144 : 1094 969
1145 : 1095 920
1146 : 1145 932
1147 : 1097 897
1148 : 1149 935
1149 : 1099 875
1150 : 1151 864
1151 : 1101 835
1152 : 1102 941
1153 : 1154 907
1154 : 1104 882
1155 : 1105 835
1156 : 1157 841
1157 : 1107 821
1158 : 1157 877
1159 : 1158 902
1160 : 1161 842
1161 : 1111 797
1162 : 1161 828
1163 : 1113 846
1164 : 1114 847
1165 : 1115 841
1166 : 1116 867
1167 : 1117 949
1168 : 1167 955
1169 : 1170 976
1170 : 1120 954
1171 : 1170 962
1172 : 1171 963
1173 : 1172 993
1174 : 1124 1034
1175 : 1125 1077
1176 : 1177 1031
1177 : 1178 1020
1178 : 1128 1015
1179 : 1129 1045
1180 : 1179 1048
1181 : 1131 1086
1182 : 1181 1133
1183 : 1182 1138
1184 : 1183 1176
1185 : 1186 1157
1186 : 1136 1108
1187 : 1188 1074
1188 : 1189 1002
1189 : 1139 993
1190 : 1140 1014
1191 : 1141 1034
1192 : 1142 1010
1193 : 1143 1016
1194 : 1144 1013
1195 : 1145 976
1196 : 1146 966
1197 : 1147 954
1198 : 1199 918
1199 : 1200 906
1200 : 1150 875
1201 : 1151 882
1202 : 1251 994
1203 : 1204 961
1204 : 1254 900
1205 : 1155 861
1206 : 1256 819
1207 : 1208 884
1208 : 1258 844
1209 : 1259 884
1210 : 1211 857
1211 : 1161 801
1212 : 1162 858
1213 : 1163 933
1214 : 1164 942
1215 : 1165 900
1216 : 1166 876
1217 : 1267 923
1218 : 1168 969
1219 : 1169 1007
1220 : 1170 1002
1221 : 1171 1021
1222 : 1221 1036
1223 : 1173 1001
1224 : 1223 1011
1225 : 1224 1076
1226 : 1227 1040
1227 : 1177 1023
1228 : 1178 1024
1229 : 1179 1072
1230 : 1180 1135
1231 : 1181 1093
1232 : 1182 1157
1233 : 1183 1190
1234 : 1184 1178
1235 : 1185 1168
1236 : 1237 1155
1237 : 1187 1075
1238 : 1188 1053
1239 : 1189 1075
1240 : 1190 1102
1241 : 1191 1063
1242 : 1192 1062
1243 : 1193 1035
1244 : 1245 1035
1245 : 1195 991
1246 : 1247 995
1247 : 1197 962
1248 : 1198 948
1249 : 1250 962
1250 : 1200 920
1251 : 1201 961
1252 : 1253 976
1253 : 1254 889
1254 : 1304 871
1255 : 1305 824
1256 : 1306 793
1257 : 1258 824
1258 : 1308 810
1259 : 1258 825
1260 : 1261 854
1261 : 1211 812
1262 : 1261 877
1263 : 1313 902
1264 : 1263 934
1265 : 1266 923
1266 : 1216 877
1267 : 1266 902
1268 : 1267 966
1269 : 1268 969
1270 : 1269 976
1271 : 1321 1037
1272 : 1322 1043
1273 : 1223 1056
1274 : 1224 1070
1275 : 1276 1063
1276 : 1226 1060
1277 : 1227 1042
1278 : 1328 1107
1279 : 1229 1079
1280 : 1279 1122
1281 : 1231 1099
1282 : 1232 1159
1283 : 1233 1202
1284 : 1234 1207
1285 : 1286 1247
1286 : 1236 1211
1287 : 1237 1159
1288 : 1238 1143
1289 : 1288 1146
1290 : 1240 1156
1291 : 1241 1144
1292 : 1242 1074
1293 : 1292 1079
1294 : 1244 1050
1295 : 1245 1018
1296 : 1246 1038
1297 : 1247 970
1298 : 1299 991
1299 : 1300 971
1300 : 1250 952
1301 : 1251 972
1302 : 1303 931
1303 : 1304 855
1304 : 1305 835
1305 : 1306 765
1306 : 1356 755
1307 : 1308 825
1308 : 1358 792
1309 : 1308 793
1310 : 1309 814
1311 : 1261 819
1312 : 1311 849
1313 : 1312 878
1314 : 1364 918
1315 : 1316 922
1316 : 1266 903
1317 : 1367 903
1318 : 1368 933
1319 : 1369 900
1320 : 1370 898
1321 : 1320 947
1322 : 1372 998
1323 : 1322 1049
1324 : 1374 1101
1325 : 1275 1105
1326 : 1276 1140
1327 : 1277 1061
1328 : 1327 1068
1329 : 1328 1123
1330 : 1331 1192
1331 : 1281 1188
1332 : 1282 1195
1333 : 1332 1207
1334 : 1333 1234
1335 : 1285 1261
1336 : 1337 1198
1337 : 1338 1171
1338 : 1288 1154
1339 : 1338 1196
1340 : 1290 1197
1341 : 1391 1181
1342 : 1343 1137
1343 : 1393 1132
1344 : 1294 1097
1345 : 1346 1098
1346 : 1296 1089
1347 : 1297 1014
1348 : 1298 1060
1349 : 1350 1037
1350 : 1351 994
1351 : 1401 949
1352 : 1402 880
1353 : 1303 871
1354 : 1304 861
1355 : 1405 783
1356 : 1406 745
1357 : 1407 733
1358 : 1357 760
1359 : 1409 786
1360 : 1359 845
1361 : 1411 833
1362 : 1412 820
1363 : 1364 884
1364 : 1414 869
1365 : 1415 872
1366 : 1367 866
1367 : 1417 830
1368 : 1367 865
1369 : 1419 880
1370 : 1369 888
1371 : 1370 953
1372 : 1422 969
1373 : 1372 1007
1374 : 1373 1050
1375 : 1425 1101
1376 : 1426 1104
1377 : 1327 1139
1378 : 1328 1137
1379 : 1329 1132
1380 : 1430 1172
1381 : 1380 1215
1382 : 1332 1203
1383 : 1382 1214
1384 : 1334 1238
1385 : 1386 1296
1386 : 1387 1278
1387 : 1388 1249
1388 : 1338 1231
1389 : 1339 1224
1390 : 1391 1214
1391 : 1392 1154
1392 : 1393 1144
1393 : 1443 1108
1394 : 1395 1079
1395 : 1396 1076
1396 : 1397 1059
1397 : 1347 1045
1398 : 1399 1051
1399 : 1400 1044
1400 : 1401 949
1401 : 1352 942
1402 : 1403 857
1403 : 1404 839
1404 : 1405 804
1405 : 1406 754
1406 : 1407 735
1407 : 1457 730
1408 : 1458 728
1409 : 1459 736
1410 : 1409 781
1411 : 1410 786
1412 : 1462 799
1413 : 1412 826
1414 : 1413 854
1415 : 1465 832
1416 : 1466 816
1417 : 1467 814
1418 : 1417 841
1419 : 1418 844
1420 : 1419 877
1421 : 1471 918
1422 : 1421 965
1423 : 1422 1026
1424 : 1423 1054
1425 : 1475 1100
1426 : 1476 1087
1427 : 1477 1126
1428 : 1427 1137
1429 : 1379 1136
1430 : 1429 1150
1431 : 1430 1228
1432 : 1433 1280
1433 : 1434 1255
1434 : 1484 1200
1435 : 1485 1239
1436 : 1437 1280
1437 : 1487 1237
1438 : 1488 1236
1439 : 1489 1257
1440 : 1441 1284
1441 : 1491 1208
1442 : 1492 1135
1443 : 1493 1061
1444 : 1494 1066
1445 : 1395 1094
1446 : 1496 1051
1447 : 1497 1010
1448 : 1498 1029
1449 : 1450 1005
1450 : 1400 953
1451 : 1402 936
1452 : 1453 885
1453 : 1454 860
1454 : 1404 857
1455 : 1505 795
1456 : 1457 759
1457 : 1458 724
1458 : 1508 714
1459 : 1509 733
1460 : 1510 768
1461 : 1511 752
1462 : 1512 797
1463 : 1513 826
1464 : 1514 806
1465 : 1515 792
1466 : 1467 806
1467 : 1517 802
1468 : 1518 829
1469 : 1519 838
1470 : 1469 906
1471 : 1521 914
1472 : 1522 943
1473 : 1523 1014
1474 : 1473 1032
1475 : 1525 1028
1476 : 1475 1029
1477 : 1476 1077
1478 : 1428 1149
1479 : 1429 1174
1480 : 1430 1205
1481 : 1480 1263
1482 : 1483 1266
1483 : 1484 1218
1484 : 1534 1173
1485 : 1535 1199
1486 : 1536 1235
1487 : 1537 1211
1488 : 1538 1233
1489 : 1539 1252
1490 : 1540 1235
1491 : 1492 1161
1492 : 1493 1074
1493 : 1494 1060
1494 : 1544 1023
1495 : 1494 1033
1496 : 1546 1031
1497 : 1547 997
1498 : 1548 1003
1499 : 1549 995
1500 : 1501 968
1501 : 1551 932
1502 : 1503 859
1503 : 1504 834
1504 : 1554 788
1505 : 1506 788
1506 : 1507 784
1507 : 1508 715
1508 : 1558 667
1509 : 1508 723
1510 : 1560 742
1511 : 1561 694
1512 : 1562 726
1513 : 1514 740
1514 : 1564 722
1515 : 1565 727
1516 : 1517 761
1517 : 1567 733
1518 : 1568 796
1519 : 1518 807
1520 : 1519 906
1521 : 1571 909
1522 : 1572 871
1523 : 1522 919
1524 : 1523 974
1525 : 1524 989
1526 : 1476 1037
1527 : 1526 1098
1528 : 1527 1127
1529 : 1579 1168
1530 : 1529 1191
1531 : 1532 1223
1532 : 1582 1215
1533 : 1534 1194
1534 : 1584 1146
1535 : 1536 1187
1536 : 1537 1136
1537 : 1587 1133
1538 : 1537 1172
1539 : 1540 1161
1540 : 1541 1155
1541 : 1542 1119
1542 : 1592 1107
1543 : 1593 1043
1544 : 1594 998
1545 : 1595 1014
1546 : 1596 964
1547 : 1546 967
1548 : 1549 944
1549 : 1550 923
1550 : 1600 914
1551 : 1601 902
1552 : 1502 863
1553 : 1603 849
1554 : 1604 772
1555 : 1605 765
1556 : 1606 773
1557 : 1558 720
1558 : 1608 666
1559 : 1558 696
1560 : 1561 710
1561 : 1611 676
1562 : 1561 687
1563 : 1613 663
1564 : 1565 687
1565 : 1615 686
1566 : 1616 746
1567 : 1617 681
1568 : 1567 713
1569 : 1568 813
1570 : 1620 835
1571 : 1570 855
1572 : 1571 868
1573 : 1572 923
1574 : 1573 993
1575 : 1625 989
1576 : 1526 1076
1577 : 1627 1087
1578 : 1628 1092
1579 : 1578 1122
1580 : 1579 1161
1581 : 1631 1181
1582 : 1583 1149
1583 : 1584 1140
1584 : 1634 1139
1585 : 1635 1142
1586 : 1587 1158
1587 : 1637 1129
1588 : 1589 1157
1589 : 1639 1148
1590 : 1640 1162
1591 : 1592 1081
1592 : 1593 1011
1593 : 1643 1003
1594 : 1644 974
1595 : 1596 956
1596 : 1646 937
1597 : 1596 945
1598 : 1599 941
1599 : 1649 928
1600 : 1650 891
1601 : 1651 843
1602 : 1603 807
1603 : 1604 787
1604 : 1605 731
1605 : 1655 724
1606 : 1656 731
1607 : 1657 709
1608 : 1658 642
1609 : 1610 693
1610 : 1611 663
1611 : 1661 659
1612 : 1662 665
1613 : 1663 635
1614 : 1664 698
1615 : 1665 645
1616 : 1617 671
1617 : 1667 642
1618 : 1617 666
1619 : 1618 739
1620 : 1619 815
1621 : 1620 910
1622 : 1572 915
1623 : 1673 913
1624 : 1623 987
1625 : 1675 960
1626 : 1625 996
1627 : 1677 1036
1628 : 1678 1025
1629 : 1628 1100
1630 : 1629 1146
1631 : 1630 1162
1632 : 1582 1179
1633 : 1683 1201
1634 : 1635 1131
1635 : 1685 1126
1636 : 1637 1130
1637 : 1687 1038
1638 : 1637 1128
1639 : 1689 1142
1640 : 1690 1139
1641 : 1691 1124
1642 : 1643 1052
1643 : 1644 979
1644 : 1694 937
1645 : 1695 914
1646 : 1696 909
1647 : 1646 915
1648 : 1698 930
1649 : 1699 919
1650 : 1651 860
1651 : 1701 838
1652 : 1653 826
1653 : 1654 760
1654 : 1655 753
1655 : 1705 711
1656 : 1706 702
1657 : 1658 643
1658 : 1708 611
1659 : 1658 663
1660 : 1661 654
1661 : 1711 640
1662 : 1712 581
1663 : 1713 578
1664 : 1714 653
1665 : 1715 592
1666 : 1716 673
1667 : 1717 615
1668 : 1667 695
1669 : 1719 770
1670 : 1720 847
1671 : 1670 905
1672 : 1722 898
1673 : 1672 903
1674 : 1724 921
1675 : 1674 957
1676 : 1675 963
1677 : 1676 969
1678 : 1677 1023
1679 : 1729 1102
1680 : 1679 1142
1681 : 1631 1230
1682 : 1683 1209
1683 : 1733 1178
1684 : 1734 1139
1685 : 1735 1118
1686 : 1736 1100
1687 : 1737 1029
1688 : 1687 1045
1689 : 1688 1079
1690 : 1740 1088
1691 : 1741 1069
1692 : 1693 1056
1693 : 1694 961
1694 : 1695 890
1695 : 1696 875
1696 : 1746 870
1697 : 1698 901
1698 : 1748 879
1699 : 1749 904
1700 : 1750 866
1701 : 1751 821
1702 : 1751 831
1703 : 1704 764
1704 : 1754 697
1705 : 1706 690
1706 : 1756 610
1707 : 1708 607
1708 : 1758 582
1709 : 1759 588
1710 : 1709 605
1711 : 1712 580
1712 : 1762 528
1713 : 1712 545
1714 : 1713 586
1715 : 1765 591
1716 : 1715 658
1717 : 1767 613
1718 : 1717 662
1719 : 1718 732
1720 : 1770 828
1721 : 1771 847
1722 : 1772 852
1723 : 1773 865
1724 : 1774 913
1725 : 1724 943
1726 : 1676 1013
1727 : 1677 1018
1728 : 1727 1080
1729 : 1779 1062
1730 : 1729 1086
1731 : 1730 1157
1732 : 1782 1179
1733 : 1734 1155
1734 : 1735 1130
1735 : 1736 1066
1736 : 1786 1030
1737 : 1738 988
1738 : 1788 969
1739 : 1738 992
1740 : 1739 1018
1741 : 1742 1022
1742 : 1792 974
1743 : 1793 950
1744 : 1794 902
1745 : 1746 916
1746 : 1747 864
1747 : 1748 812
1748 : 1798 809
1749 : 1799 827
1750 : 1800 836
1751 : 1801 765
1752 : 1753 779
1753 : 1754 728
1754 : 1755 658
1755 : 1805 653
1756 : 1806 607
1757 : 1758 591
1758 : 1808 535
1759 : 1809 540
1760 : 1759 577
1761 : 1762 525
1762 : 1812 509
1763 : 1813 550
1764 : 1763 563
1765 : 1764 574
1766 : 1767 633
1767 : 1817 591
1768 : 1767 663
1769 : 1768 753
1770 : 1771 776
1771 : 1821 771
1772 : 1771 825
1773 : 1823 834
1774 : 1773 887
1775 : 1774 911
1776 : 1775 984
1777 : 1827 1027
1778 : 1828 1088
1779 : 1829 1060
1780 : 1779 1080
1781 : 1780 1150
1782 : 1832 1160
1783 : 1784 1123
1784 : 1785 1121
1785 : 1786 1073
1786 : 1787 989
1787 : 1788 976
1788 : 1838 968
1789 : 1839 1017
1790 : 1740 1023
1791 : 1841 986
1792 : 1793 972
1793 : 1794 941
1794 : 1844 897
1795 : 1796 896
1796 : 1797 843
1797 : 1798 839
1798 : 1848 742
1799 : 1849 800
1800 : 1850 777
1801 : 1851 727
1802 : 1851 725
1803 : 1853 700
1804 : 1805 706
1805 : 1855 640
1806 : 1856 598
1807 : 1808 547
1808 : 1809 485
1809 : 1859 476
1810 : 1860 534
1811 : 1812 549
1812 : 1862 499
1813 : 1812 535
1814 : 1764 584
1815 : 1865 604
1816 : 1866 569
1817 : 1867 583
1818 : 1817 666
1819 : 1818 752
1820 : 1870 738
1821 : 1820 753
1822 : 1821 794
1823 : 1822 825
1824 : 1823 890
1825 : 1824 945
1826 : 1776 986
1827 : 1877 987
1828 : 1878 1041
1829 : 1879 1033
1830 : 1880 1089
1831 : 1830 1110
1832 : 1882 1149
1833 : 1883 1107
1834 : 1884 1104
1835 : 1836 1074
1836 : 1786 993
1837 : 1838 981
1838 : 1888 956
1839 : 1889 1005
1840 : 1841 965
1841 : 1891 894
1842 : 1892 880
1843 : 1842 906
1844 : 1894 860
1845 : 1895 870
1846 : 1847 818
1847 : 1848 770
1848 : 1849 737
1849 : 1850 702
1850 : 1900 680
1851 : 1850 697
1852 : 1853 721
1853 : 1903 682
1854 : 1904 638
1855 : 1905 617
1856 : 1857 560
1857 : 1858 533
1858 : 1859 496
1859 : 1909 475
1860 : 1910 437
1861 : 1860 500
1862 : 1912 498
1863 : 1862 562
1864 : 1914 560
1865 : 1915 557
1866 : 1916 538
1867 : 1866 566
1868 : 1867 642
1869 : 1868 702
1870 : 1920 686
1871 : 1870 733
1872 : 1922 754
1873 : 1872 787
1874 : 1924 830
1875 : 1874 927
1876 : 1926 919
1877 : 1927 899
1878 : 1877 943
1879 : 1878 1011
1880 : 1930 1028
1881 : 1880 1099
1882 : 1881 1138
1883 : 1933 1082
1884 : 1885 1074
1885 : 1935 1017
1886 : 1936 1016
1887 : 1937 979
1888 : 1889 946
1889 : 1890 916
1890 : 1891 887
1891 : 1941 855
1892 : 1942 847
1893 : 1943 845
1894 : 1944 808
1895 : 1896 798
1896 : 1946 750
1897 : 1898 729
1898 : 1948 718
1899 : 1849 744
1900 : 1950 676
1901 : 1900 713
1902 : 1952 645
1903 : 1902 655
1904 : 1905 632
1905 : 1906 613
1906 : 1907 535
1907 : 1908 511
1908 : 1909 480
1909 : 1959 462
1910 : 1960 413
1911 : 1961 459
1912 : 1962 465
1913 : 1912 515
1914 : 1964 552
1915 : 1965 498
1916 : 1915 500
1917 : 1916 551
1918 : 1917 628
1919 : 1918 667
1920 : 1970 674
1921 : 1920 677
1922 : 1921 681
1923 : 1922 775
1924 : 1974 824
1925 : 1975 865
1926 : 1976 860
1927 : 1926 879
1928 : 1927 954
1929 : 1928 1002
1930 : 1929 1026
1931 : 1930 1094
1932 : 1933 1095
1933 : 1934 1068
1934 : 1935 1021
1935 : 1985 1015
1936 : 1937 1013
1937 : 1987 933
1938 : 1988 927
1939 : 1940 950
1940 : 1941 913
1941 : 1942 846
1942 : 1943 824
1943 : 1944 814
1944 : 1945 761
1945 : 1995 759
1946 : 1996 736
1947 : 1997 700
1948 : 1998 710
1949 : 1999 701
1950 : 2000 668
1951 : 1950 681
1952 : 2001 618
1953 : 2003 609
1954 : 2004 590
1955 : 1956 579
1956 : 2006 574
1957 : 1907 550
1958 : 1959 530
1959 : 1960 448
1960 : 1961 396
1961 : 2011 393
1962 : 1961 396
1963 : 2013 474
1964 : 1965 495
1965 : 2015 483
1966 : 1916 516
1967 : 1966 534
1968 : 2018 570
1969 : 2019 658
1970 : 2020 665
1971 : 2021 656
1972 : 2022 731
1973 : 2023 774
1974 : 1973 812
1975 : 2025 863
1976 : 2026 853
1977 : 2027 905
1978 : 1977 934
1979 : 1978 955
1980 : 1930 1030
1981 : 2031 1035
1982 : 1981 1065
1983 : 1984 1115
1984 : 1985 1034
1985 : 2035 990
1986 : 2036 960
1987 : 1988 905
1988 : 2038 901
1989 : 2039 957
1990 : 1940 929
1991 : 1941 862
1992 : 1993 829
1993 : 2043 816
1994 : 2044 768
1995 : 1996 731
1996 : 1997 715
1997 : 2047 668
1998 : 1999 627
1999 : 2000 612
2000 : 2050 584
2001 : 2000 615
2002 : 2052 582
2003 : 2053 559
2004 : 2005 573
2005 : 2006 518
2006 : 2007 492
2007 : 2057 487
2008 : 2009 464
2009 : 2059 448
2010 : 2060 403
2011 : 2061 361
2012 : 2011 376
2013 : 2012 440
2014 : 2064 495
2015 : 2065 477
2016 : 2066 511
2017 : 2067 498
2018 : 2068 509
2019 : 2018 584
2020 : 2070 606
2021 : 2020 622
2022 : 2021 645
2023 : 2022 676
2024 : 2074 743
2025 : 2075 774
2026 : 2076 799
2027 : 2026 870
2028 : 2027 909
2029 : 2079 909
2030 : 2029 949
2031 : 2030 1033
2032 : 2033 1077
2033 : 2034 1044
2034 : 2084 1001
2035 : 2036 980
2036 : 2037 893
2037 : 2087 874
2038 : 2037 897
2039 : 2038 916
2040 : 2041 897
2041 : 1991 888
2042 : 2043 842
2043 : 2093 794
2044 : 2094 735
2045 : 2046 711
2046 : 2047 703
2047 : 2048 623
2048 : 2098 621
2049 : 1999 634
2050 : 2100 574
2051 : 2101 568
2052 : 2053 505
2053 : 2103 492
2054 : 2104 525
2055 : 2056 532
2056 : 2106 528
2057 : 2058 483
2058 : 2059 432
2059 : 2109 391
2060 : 2061 355
2061 : 2111 343
2062 : 2061 359
2063 : 2113 386
2064 : 2114 441
2065 : 2064 469
2066 : 2116 477
2067 : 2117 489
2068 : 2067 491
2069 : 2119 535
2070 : 2069 577
2071 : 2070 606
2072 : 2071 608
2073 : 2123 686
2074 : 2073 697
2075 : 2074 720
2076 : 2075 757
2077 : 2076 822
2078 : 2128 828
2079 : 2078 884
2080 : 2079 932
2081 : 2080 991
2082 : 2081 1064
2083 : 2084 1063
2084 : 2085 994
2085 : 2086 932
2086 : 2087 922
2087 : 2137 864
2088 : 2087 884
2089 : 2088 951
2090 : 2091 895
2091 : 2141 853
2092 : 2093 847
2093 : 2094 777
2094 : 2095 719
2095 : 2096 693
2096 : 2097 685
2097 : 2147 615
2098 : 2148 609
2099 : 2098 614
2100 : 2101 563
2101 : 2052 511
2102 : 2152 466
2103 : 2102 474
2104 : 2154 467
2105 : 2104 496
2106 : 2156 455
2107 : 2157 437
2108 : 2158 394
2109 : 2159 372
2110 : 2111 365
2111 : 2161 338
2112 : 2111 343
2113 : 2163 385
2114 : 2164 393
2115 : 2165 424
2116 : 2117 439
2117 : 2167 415
2118 : 2117 432
2119 : 2118 447
2120 : 2119 538
2121 : 2120 546
2122 : 2172 602
2123 : 2122 682
2124 : 2174 658
2125 : 2124 719
2126 : 2176 810
2127 : 2077 826
2128 : 2127 827
2129 : 2128 917
2130 : 2180 990
2131 : 2130 995
2132 : 2182 1001
2133 : 2134 1000
2134 : 2135 988
2135 : 2185 933
2136 : 2137 883
2137 : 2187 853
2138 : 2188 842
2139 : 2140 902
2140 : 2141 841
2141 : 2191 786
2142 : 2141 801
2143 : 2093 781
2144 : 2094 744
2145 : 2095 699
2146 : 2147 643
2147 : 2148 583
2148 : 2198 549
2149 : 2199 584
2150 : 2200 554
2151 : 2102 484
2152 : 2202 457
2153 : 2203 422
2154 : 2153 460
2155 : 2156 436
2156 : 2157 386
2157 : 2207 385
2158 : 2208 382
2159 : 2160 371
2160 : 2210 341
2161 : 2211 311
2162 : 2161 328
2163 : 2162 349
2164 : 2163 386
2165 : 2215 403
2166 : 2216 435
2167 : 2217 414
2168 : 2167 452
2169 : 2168 501
2170 : 2169 504
2171 : 2170 578
2172 : 2171 588
2173 : 2172 652
2174 : 2173 657
2175 : 2174 751
2176 : 2175 771
2177 : 2176 818
2178 : 2177 864
2179 : 2229 885
2180 : 2230 908
2181 : 2180 924
2182 : 2181 973
2183 : 2184 1004
2184 : 2234 991
2185 : 2186 930
2186 : 2136 898
2187 : 2188 849
2188 : 2238 833
2189 : 2239 851
2190 : 2191 833
2191 : 2192 775
2192 : 2242 753
2193 : 2194 767
2194 : 2195 744
2195 : 2196 691
2196 : 2197 601
2197 : 2198 529
2198 : 2248 510
2199 : 2198 538
2200 : 2250 509
2201 : 2152 517
2202 : 2203 428
2203 : 2204 393
2204 : 2254 390
2205 : 2206 434
2206 : 2156 405
2207 : 2208 325
2208 : 2258 302
2209 : 2208 360
2210 : 2260 311
2211 : 2261 301
2212 : 2162 332
2213 : 2212 370
2214 : 2264 398
2215 : 2265 369
2216 : 2266 407
2217 : 2267 393
2218 : 2217 460
2219 : 2269 491
2220 : 2270 523
2221 : 2171 582
2222 : 2221 587
2223 : 2222 634
2224 : 2223 652
2225 : 2224 724
2226 : 2225 758
2227 : 2277 814
2228 : 2229 859
2229 : 2279 803
2230 : 2229 838
2231 : 2230 927
2232 : 2282 891
2233 : 2283 983
2234 : 2284 950
2235 : 2185 945
2236 : 2237 943
2237 : 2238 882
2238 : 2239 799
2239 : 2289 778
2240 : 2241 767
2241 : 2291 735
2242 : 2241 748
2243 : 2244 769
2244 : 2245 710
2245 : 2295 642
2246 : 2196 621
2247 : 2248 558
2248 : 2249 494
2249 : 2250 484
2250 : 2300 464
2251 : 2301 484
2252 : 2253 416
2253 : 2254 392
2254 : 2304 385
2255 : 2254 404
2256 : 2257 378
2257 : 2258 336
2258 : 2308 262
2259 : 2309 274
2260 : 2310 285
2261 : 2311 287
2262 : 2312 283
2263 : 2313 335
2264 : 2263 345
2265 : 2264 351
2266 : 2316 326
2267 : 2317 342
2268 : 2267 390
2269 : 2268 422
2270 : 2269 519
2271 : 2270 583
2272 : 2271 594
2273 : 2323 610
2274 : 2324 660
2275 : 2325 665
2276 : 2326 720
2277 : 2327 714
2278 : 2328 794
2279 : 2329 783
2280 : 2330 839
2281 : 2280 864
2282 : 2281 883
2283 : 2282 893
2284 : 2283 919
2285 : 2284 943
2286 : 2236 948
2287 : 2337 900
2288 : 2338 837
2289 : 2339 777
2290 : 2291 767
2291 : 2341 688
2292 : 2342 727
2293 : 2294 721
2294 : 2344 667
2295 : 2345 596
2296 : 2297 625
2297 : 2298 591
2298 : 2299 572
2299 : 2249 494
2300 : 2301 444
2301 : 2252 427
2302 : 2352 376
2303 : 2353 362
2304 : 2354 368
2305 : 2355 354
2306 : 2307 362
2307 : 2308 316
2308 : 2309 243
2309 : 2359 203
2310 : 2360 204
2311 : 2361 213
2312 : 2311 237
2313 : 2312 238
2314 : 2313 292
2315 : 2316 334
2316 : 2366 301
2317 : 2367 308
2318 : 2317 366
2319 : 2269 428
2320 : 2319 488
2321 : 2320 505
2322 : 2323 595
2323 : 2373 573
2324 : 2374 574
2325 : 2324 661
2326 : 2376 672
2327 : 2377 672
2328 : 2378 699
2329 : 2379 728
2330 : 2380 744
2331 : 2381 789
2332 : 2331 871
2333 : 2283 912
2334 : 2333 993
2335 : 2285 965
2336 : 2337 923
2337 : 2338 896
2338 : 2339 827
2339 : 2340 753
2340 : 2341 741
2341 : 2342 676
2342 : 2343 667
2343 : 2393 635
2344 : 2345 624
2345 : 2395 590
2346 : 2396 566
2347 : 2348 585
2348 : 2398 517
2349 : 2299 538
2350 : 2351 497
2351 : 2302 405
2352 : 2353 308
2353 : 2403 279
2354 : 2404 339
2355 : 2405 338
2356 : 2357 300
2357 : 2358 299
2358 : 2308 249
2359 : 2360 188
2360 : 2410 169
2361 : 2360 197
2362 : 2361 218
2363 : 2413 235
2364 : 2363 301
2365 : 2415 280
2366 : 2365 287
2367 : 2366 296
2368 : 2418 379
2369 : 2419 389
2370 : 2420 484
2371 : 2421 483
2372 : 2371 565
2373 : 2423 552
2374 : 2424 561
2375 : 2374 638
2376 : 2426 622
2377 : 2376 650
2378 : 2377 653
2379 : 2378 690
2380 : 2379 727
2381 : 2380 764
2382 : 2381 852
2383 : 2382 857
2384 : 2383 931
2385 : 2386 995
2386 : 2336 931
2387 : 2337 898
2388 : 2338 875
2389 : 2390 814
2390 : 2391 749
2391 : 2341 687
2392 : 2442 681
2393 : 2394 590
2394 : 2395 573
2395 : 2445 540
2396 : 2446 547
2397 : 2447 509
2398 : 2399 504
2399 : 2449 473
2400 : 2401 460
2401 : 2352 394
2402 : 2403 312
2403 : 2404 274
2404 : 2405 270
2405 : 2455 253
2406 : 2405 259
2407 : 2457 278
2408 : 2458 235
2409 : 2410 240
2410 : 2460 156
2411 : 2461 214
2412 : 2462 186
2413 : 2412 226
2414 : 2413 249
2415 : 2414 262
2416 : 2415 284
2417 : 2367 307
2418 : 2468 349
2419 : 2418 350
2420 : 2419 391
2421 : 2420 454
2422 : 2421 498
2423 : 2424 521
2424 : 2474 517
2425 : 2424 598
2426 : 2425 617
2427 : 2426 644
2428 : 2427 717
2429 : 2379 710
2430 : 2380 755
2431 : 2430 819
2432 : 2431 875
2433 : 2432 919
2434 : 2384 951
2435 : 2434 1006
2436 : 2437 949
2437 : 2438 913
2438 : 2488 856
2439 : 2389 820
2440 : 2441 770
2441 : 2442 723
2442 : 2443 639
2443 : 2444 604
2444 : 2494 565
2445 : 2446 535
2446 : 2496 525
2447 : 2497 507
2448 : 2449 451
2449 : 2499 381
2450 : 2500 401
2451 : 2402 343
2452 : 2402 329
2453 : 3 302
2454 : 4 285
2455 : 5 244
2456 : 2455 246
2457 : 7 200
2458 : 8 219
2459 : 2460 202
2460 : 10 140
2461 : 11 125
2462 : 12 129
2463 : 2462 226
2464 : 14 239
2465 : 2464 271
2466 : 16 279
2467 : 17 295
2468 : 18 297
2469 : 2419 352
2470 : 2469 403
2471 : 2470 427
2472 : 2471 487
2473 : 2472 506
2474 : 2473 513
2475 : 2474 589
2476 : 2475 621
2477 : 2476 706
2478 : 2477 752
2479 : 2429 757
2480 : 2479 768
2481 : 2480 838
2482 : 2481 879
2483 : 2482 880
2484 : 2483 946
2485 : 2484 973
2486 : 2485 974
2487 : 2488 920
2488 : 2489 845
2489 : 2490 809
2490 : 2491 781
2491 : 2492 693
2492 : 2493 650
2493 : 2443 612
2494 : 44 549
2495 : 2496 577
2496 : 2497 508
2497 : 2498 442
2498 : 2499 412
2499 : 49 370
2500 : 50 376
